# Energy,SamplesEBS,SamplesHoeffding,E_estim,Var_estim
1.442103319109906689e-01 1.405788000000000000e+06 1.909951319210240617e+07 1.439646808758058560e-01 3.689674148109599316e-02
1.442103319109906689e-01 1.405788000000000000e+06 1.909951319210240617e+07 1.448753250127546854e-01 3.939924779396539872e-02
1.442103319109906689e-01 1.405788000000000000e+06 1.909951319210240617e+07 1.439760633886742469e-01 3.713227556237777560e-02
1.442103319109906689e-01 1.405788000000000000e+06 1.909951319210240617e+07 1.439105681646488111e-01 3.727470542883298821e-02
1.442103319109906689e-01 1.405788000000000000e+06 1.909951319210240617e+07 1.440499061018047366e-01 3.673291199689723147e-02
1.442103319109906689e-01 1.405788000000000000e+06 1.909951319210240617e+07 1.441583995588469336e-01 3.644112060617205051e-02
1.442103319109906689e-01 1.405788000000000000e+06 1.909951319210240617e+07 1.446876238800036685e-01 3.753206872140333467e-02
1.442103319109906689e-01 1.405788000000000000e+06 1.909951319210240617e+07 1.437803788331127874e-01 3.612841902537352462e-02
1.442103319109906689e-01 1.405788000000000000e+06 1.909951319210240617e+07 1.441855568542597943e-01 3.637494755003572999e-02
1.442103319109906689e-01 1.405788000000000000e+06 1.909951319210240617e+07 1.439555655611193530e-01 3.688086420528371295e-02
1.442103319109906689e-01 1.405788000000000000e+06 1.909951319210240617e+07 1.444833831267809121e-01 3.841925777426265232e-02
1.442103319109906689e-01 1.405788000000000000e+06 1.909951319210240617e+07 1.444125327567405415e-01 3.698433224220832455e-02
1.442103319109906689e-01 1.405788000000000000e+06 1.909951319210240617e+07 1.439601033719450363e-01 3.679524584632108686e-02
1.442103319109906689e-01 1.405788000000000000e+06 1.909951319210240617e+07 1.440897963270661719e-01 3.692294280641676002e-02
1.442103319109906689e-01 1.405788000000000000e+06 1.909951319210240617e+07 1.442848056741350971e-01 3.809312517328673764e-02
1.442103319109906689e-01 1.405788000000000000e+06 1.909951319210240617e+07 1.441969525981400824e-01 3.683988920830983532e-02
1.442103319109906689e-01 1.405788000000000000e+06 1.909951319210240617e+07 1.439414655688052158e-01 3.729134472971145503e-02
1.442103319109906689e-01 1.405788000000000000e+06 1.909951319210240617e+07 1.445466939531661610e-01 3.767665842689025407e-02
1.442103319109906689e-01 1.405788000000000000e+06 1.909951319210240617e+07 1.444841808288531149e-01 3.824107749620784397e-02
1.442103319109906689e-01 1.405788000000000000e+06 1.909951319210240617e+07 1.439790092098042762e-01 3.672974137045970783e-02
1.442103319109906689e-01 1.405788000000000000e+06 1.909951319210240617e+07 1.443952453705889816e-01 3.755405250497063224e-02
1.442103319109906689e-01 1.405788000000000000e+06 1.909951319210240617e+07 1.446399785736034171e-01 3.816985414451627007e-02
1.442103319109906689e-01 1.405788000000000000e+06 1.909951319210240617e+07 1.442944109631270344e-01 3.730063181033080322e-02
1.442103319109906689e-01 1.405788000000000000e+06 1.909951319210240617e+07 1.441415291630272488e-01 3.746447626326600971e-02
1.442103319109906689e-01 1.405788000000000000e+06 1.909951319210240617e+07 1.442820420995428732e-01 3.697027082825043304e-02
1.442103319109906689e-01 1.405788000000000000e+06 1.909951319210240617e+07 1.438301257366272901e-01 3.681816808869221858e-02
1.442103319109906689e-01 1.405788000000000000e+06 1.909951319210240617e+07 1.444282610173323045e-01 3.799487205219720387e-02
1.442103319109906689e-01 1.405788000000000000e+06 1.909951319210240617e+07 1.442462692803135049e-01 3.700330834517600448e-02
1.442103319109906689e-01 1.405788000000000000e+06 1.909951319210240617e+07 1.444245904781038536e-01 3.731926792945663984e-02
1.442103319109906689e-01 1.405788000000000000e+06 1.909951319210240617e+07 1.440128225586174704e-01 3.706551020995582646e-02
1.442103319109906689e-01 1.405788000000000000e+06 1.909951319210240617e+07 1.445100803243681842e-01 3.858361531238078262e-02
1.442103319109906689e-01 1.405788000000000000e+06 1.909951319210240617e+07 1.444126219593785121e-01 3.832085929287899068e-02
1.442103319109906689e-01 1.405788000000000000e+06 1.909951319210240617e+07 1.448355406355947006e-01 3.958491530259538455e-02
1.442103319109906689e-01 1.405788000000000000e+06 1.909951319210240617e+07 1.447883985345055080e-01 3.933937765065712716e-02
1.442103319109906689e-01 1.405788000000000000e+06 1.909951319210240617e+07 1.443797684992566832e-01 3.772303811324747430e-02
1.442103319109906689e-01 1.405788000000000000e+06 1.909951319210240617e+07 1.438469530249536499e-01 3.651910221419234215e-02
1.442103319109906689e-01 1.405788000000000000e+06 1.909951319210240617e+07 1.439803199337562345e-01 3.649507816265790822e-02
1.442103319109906689e-01 1.405788000000000000e+06 1.909951319210240617e+07 1.441362235266159808e-01 3.709256083580592805e-02
1.442103319109906689e-01 1.405788000000000000e+06 1.909951319210240617e+07 1.437432918754787126e-01 3.732646710896209141e-02
1.442103319109906689e-01 1.405788000000000000e+06 1.909951319210240617e+07 1.442157756354707776e-01 3.733824562212614134e-02
1.442103319109906689e-01 1.405788000000000000e+06 1.909951319210240617e+07 1.438394762219069312e-01 3.536189971637144353e-02
1.442103319109906689e-01 1.405788000000000000e+06 1.909951319210240617e+07 1.441405859198073292e-01 3.696558773457102320e-02
1.442103319109906689e-01 1.405788000000000000e+06 1.909951319210240617e+07 1.444670325817489220e-01 3.768584996618922628e-02
1.442103319109906689e-01 1.405788000000000000e+06 1.909951319210240617e+07 1.440150833546986475e-01 3.571165986242066936e-02
1.442103319109906689e-01 1.405788000000000000e+06 1.909951319210240617e+07 1.443141674271188057e-01 3.715563741359914629e-02
1.442103319109906689e-01 1.405788000000000000e+06 1.909951319210240617e+07 1.439080726247778941e-01 3.666908101772950457e-02
1.442103319109906689e-01 1.405788000000000000e+06 1.909951319210240617e+07 1.440423994222703452e-01 3.636212819624558973e-02
1.442103319109906689e-01 1.405788000000000000e+06 1.909951319210240617e+07 1.444630176093623375e-01 3.885303300979082303e-02
1.442103319109906689e-01 1.405788000000000000e+06 1.909951319210240617e+07 1.437791210332129421e-01 3.656811884873731322e-02
1.442103319109906689e-01 1.405788000000000000e+06 1.909951319210240617e+07 1.439785260644100839e-01 3.596409340525724696e-02
1.442103319109906689e-01 1.405788000000000000e+06 1.909951319210240617e+07 1.442333477018079846e-01 3.648012391640767516e-02
1.442103319109906689e-01 1.405788000000000000e+06 1.909951319210240617e+07 1.444138234207661686e-01 3.842531803211080010e-02
1.442103319109906689e-01 1.405788000000000000e+06 1.909951319210240617e+07 1.436329981469762485e-01 3.515234708333748320e-02
1.442103319109906689e-01 1.405788000000000000e+06 1.909951319210240617e+07 1.437677615679171239e-01 3.725210673750319751e-02
1.442103319109906689e-01 1.405788000000000000e+06 1.909951319210240617e+07 1.443626432997257847e-01 3.817147998109860635e-02
1.442103319109906689e-01 1.405788000000000000e+06 1.909951319210240617e+07 1.442139749372150503e-01 3.848944938918266029e-02
1.442103319109906689e-01 1.405788000000000000e+06 1.909951319210240617e+07 1.442258640698527439e-01 3.698735374917155871e-02
1.442103319109906689e-01 1.405788000000000000e+06 1.909951319210240617e+07 1.440542386185126034e-01 3.731572897711547820e-02
1.442103319109906689e-01 1.405788000000000000e+06 1.909951319210240617e+07 1.442333178253324133e-01 3.724870621534968895e-02
1.442103319109906689e-01 1.405788000000000000e+06 1.909951319210240617e+07 1.438395423769684434e-01 3.561334582994656744e-02
1.442103319109906689e-01 1.405788000000000000e+06 1.909951319210240617e+07 1.445538199209485397e-01 3.875022385265024932e-02
1.442103319109906689e-01 1.405788000000000000e+06 1.909951319210240617e+07 1.443295051594075673e-01 3.793804337925403558e-02
1.442103319109906689e-01 1.405788000000000000e+06 1.909951319210240617e+07 1.444476004909933109e-01 3.757656891271127231e-02
1.442103319109906689e-01 1.405788000000000000e+06 1.909951319210240617e+07 1.437776084296091550e-01 3.668358365576769586e-02
1.442103319109906689e-01 1.405788000000000000e+06 1.909951319210240617e+07 1.444779285347660425e-01 3.818656835724532767e-02
1.442103319109906689e-01 1.405788000000000000e+06 1.909951319210240617e+07 1.437795149759712177e-01 3.604366282184107151e-02
1.442103319109906689e-01 1.405788000000000000e+06 1.909951319210240617e+07 1.446252861733274275e-01 3.803576322501161372e-02
1.442103319109906689e-01 1.405788000000000000e+06 1.909951319210240617e+07 1.441188699854008826e-01 3.728548165674869935e-02
1.442103319109906689e-01 1.405788000000000000e+06 1.909951319210240617e+07 1.441098903953050847e-01 3.711130358224493803e-02
1.442103319109906689e-01 1.405788000000000000e+06 1.909951319210240617e+07 1.441041212466170895e-01 3.780835961510767979e-02
1.442103319109906689e-01 1.405788000000000000e+06 1.909951319210240617e+07 1.440632314396184388e-01 3.763053798058653421e-02
1.442103319109906689e-01 1.405788000000000000e+06 1.909951319210240617e+07 1.444276950713959118e-01 3.761980811843654293e-02
1.442103319109906689e-01 1.405788000000000000e+06 1.909951319210240617e+07 1.441134021623739769e-01 3.686297901418456036e-02
1.442103319109906689e-01 1.405788000000000000e+06 1.909951319210240617e+07 1.438186868852470157e-01 3.688980207984789844e-02
1.442103319109906689e-01 1.405788000000000000e+06 1.909951319210240617e+07 1.442832666085045457e-01 3.801954292305741862e-02
1.442103319109906689e-01 1.405788000000000000e+06 1.909951319210240617e+07 1.437214205833616809e-01 3.587853789423450096e-02
1.442103319109906689e-01 1.405788000000000000e+06 1.909951319210240617e+07 1.439955782799684503e-01 3.688363065922276030e-02
1.442103319109906689e-01 1.405788000000000000e+06 1.909951319210240617e+07 1.441486188522239087e-01 3.748123487492655004e-02
1.442103319109906689e-01 1.405788000000000000e+06 1.909951319210240617e+07 1.444718648893246749e-01 3.827134311938215627e-02
1.442103319109906689e-01 1.405788000000000000e+06 1.909951319210240617e+07 1.440725520484158195e-01 3.693415650607666939e-02
1.442103319109906689e-01 1.405788000000000000e+06 1.909951319210240617e+07 1.443814863969771212e-01 3.707695779166718386e-02
1.442103319109906689e-01 1.405788000000000000e+06 1.909951319210240617e+07 1.441518194770761430e-01 3.748577302510442549e-02
1.442103319109906689e-01 1.405788000000000000e+06 1.909951319210240617e+07 1.435517281404045387e-01 3.563237948644500802e-02
1.442103319109906689e-01 1.405788000000000000e+06 1.909951319210240617e+07 1.440817433347252596e-01 3.813265298710943885e-02
1.442103319109906689e-01 1.405788000000000000e+06 1.909951319210240617e+07 1.447871176870394461e-01 3.878890071595916117e-02
1.442103319109906689e-01 1.405788000000000000e+06 1.909951319210240617e+07 1.441306464410264110e-01 3.702663990305631730e-02
1.442103319109906689e-01 1.405788000000000000e+06 1.909951319210240617e+07 1.443039697301701785e-01 3.772899297571536553e-02
1.442103319109906689e-01 1.405788000000000000e+06 1.909951319210240617e+07 1.439575911866085023e-01 3.681975680164536330e-02
1.442103319109906689e-01 1.405788000000000000e+06 1.909951319210240617e+07 1.445434634518371064e-01 3.839066396309875201e-02
1.442103319109906689e-01 1.405788000000000000e+06 1.909951319210240617e+07 1.446302674365048391e-01 3.868387373691827696e-02
1.442103319109906689e-01 1.405788000000000000e+06 1.909951319210240617e+07 1.441390963637763090e-01 3.792914069953490230e-02
1.442103319109906689e-01 1.405788000000000000e+06 1.909951319210240617e+07 1.442315636490242581e-01 3.688572429205278641e-02
1.442103319109906689e-01 1.405788000000000000e+06 1.909951319210240617e+07 1.439705558726034340e-01 3.683002139422642679e-02
1.442103319109906689e-01 1.405788000000000000e+06 1.909951319210240617e+07 1.443948646588484597e-01 3.816124981385267401e-02
1.442103319109906689e-01 1.405788000000000000e+06 1.909951319210240617e+07 1.442739758761903968e-01 3.797940823295454377e-02
1.442103319109906689e-01 1.405788000000000000e+06 1.909951319210240617e+07 1.442084345570102955e-01 3.587990609670037301e-02
1.442103319109906689e-01 1.405788000000000000e+06 1.909951319210240617e+07 1.445093952993121988e-01 3.757964920538164194e-02
1.442103319109906689e-01 1.405788000000000000e+06 1.909951319210240617e+07 1.440723501687594388e-01 3.675622656074495342e-02
1.442103319109906689e-01 1.405788000000000000e+06 1.909951319210240617e+07 1.438229135538499348e-01 3.704888770160414541e-02
1.442103319109906689e-01 1.405788000000000000e+06 1.909951319210240617e+07 1.438676527321623433e-01 3.701105081643307759e-02
