# Energy,SamplesEBS,SamplesHoeffding,E_estim,Var_estim
-1.145599124123644064e+00 1.405788000000000000e+06 5.491578030232686549e+06 -1.144929422359657556e+00 4.745972090779451008e-02
-1.145599124123644064e+00 1.405788000000000000e+06 5.491578030232686549e+06 -1.145565702652295403e+00 4.705744145419046148e-02
-1.145599124123644064e+00 1.405788000000000000e+06 5.491578030232686549e+06 -1.145861579697778465e+00 4.718172662776241172e-02
-1.145599124123644064e+00 1.405788000000000000e+06 5.491578030232686549e+06 -1.146087153112807178e+00 4.657938386722414864e-02
-1.145599124123644064e+00 1.405788000000000000e+06 5.491578030232686549e+06 -1.145615687714061970e+00 4.737376066794541513e-02
-1.145599124123644064e+00 1.405788000000000000e+06 5.491578030232686549e+06 -1.145322745392707731e+00 4.743979343853583358e-02
-1.145599124123644064e+00 1.405788000000000000e+06 5.491578030232686549e+06 -1.145545305551146198e+00 4.686873988079950926e-02
-1.145599124123644064e+00 1.405788000000000000e+06 5.491578030232686549e+06 -1.145868582745154018e+00 4.678090306707369250e-02
-1.145599124123644064e+00 1.405788000000000000e+06 5.491578030232686549e+06 -1.144965409009168322e+00 4.748696218872912322e-02
-1.145599124123644064e+00 1.405788000000000000e+06 5.491578030232686549e+06 -1.145223515352364885e+00 4.725478596177774826e-02
-1.145599124123644064e+00 1.405788000000000000e+06 5.491578030232686549e+06 -1.145801472483872097e+00 4.713779589339214121e-02
-1.145599124123644064e+00 1.405788000000000000e+06 5.491578030232686549e+06 -1.145739716088190585e+00 4.694669388399760196e-02
-1.145599124123644064e+00 1.405788000000000000e+06 5.491578030232686549e+06 -1.145980989167763253e+00 4.676770119443035556e-02
-1.145599124123644064e+00 1.405788000000000000e+06 5.491578030232686549e+06 -1.145246526218863137e+00 4.742385380133188472e-02
-1.145599124123644064e+00 1.405788000000000000e+06 5.491578030232686549e+06 -1.145880381394732250e+00 4.676911849695788992e-02
-1.145599124123644064e+00 1.405788000000000000e+06 5.491578030232686549e+06 -1.145823260975471047e+00 4.690287360073365497e-02
-1.145599124123644064e+00 1.405788000000000000e+06 5.491578030232686549e+06 -1.145732790719623084e+00 4.659098330752620837e-02
-1.145599124123644064e+00 1.405788000000000000e+06 5.491578030232686549e+06 -1.145508905752628426e+00 4.732544150849577608e-02
-1.145599124123644064e+00 1.405788000000000000e+06 5.491578030232686549e+06 -1.145399619288380411e+00 4.733940917801585102e-02
-1.145599124123644064e+00 1.405788000000000000e+06 5.491578030232686549e+06 -1.146064839648780476e+00 4.648323699164162021e-02
-1.145599124123644064e+00 1.405788000000000000e+06 5.491578030232686549e+06 -1.145159701747478387e+00 4.782692358387234666e-02
-1.145599124123644064e+00 1.405788000000000000e+06 5.491578030232686549e+06 -1.145657589906954321e+00 4.673460603398502805e-02
-1.145599124123644064e+00 1.405788000000000000e+06 5.491578030232686549e+06 -1.145893427174029755e+00 4.687183938752145090e-02
-1.145599124123644064e+00 1.405788000000000000e+06 5.491578030232686549e+06 -1.145808099941209912e+00 4.676392333092672937e-02
-1.145599124123644064e+00 1.405788000000000000e+06 5.491578030232686549e+06 -1.145616181102810938e+00 4.719344337593905925e-02
-1.145599124123644064e+00 1.405788000000000000e+06 5.491578030232686549e+06 -1.145371829038360323e+00 4.722719122816329551e-02
-1.145599124123644064e+00 1.405788000000000000e+06 5.491578030232686549e+06 -1.145716855457693528e+00 4.698424666850670867e-02
-1.145599124123644064e+00 1.405788000000000000e+06 5.491578030232686549e+06 -1.145589865043771471e+00 4.707602410855260544e-02
-1.145599124123644064e+00 1.405788000000000000e+06 5.491578030232686549e+06 -1.145814476436098905e+00 4.698936058344115041e-02
-1.145599124123644064e+00 1.405788000000000000e+06 5.491578030232686549e+06 -1.145679838496409308e+00 4.716198689162811458e-02
-1.145599124123644064e+00 1.405788000000000000e+06 5.491578030232686549e+06 -1.145570365090704312e+00 4.731817672998177987e-02
-1.145599124123644064e+00 1.405788000000000000e+06 5.491578030232686549e+06 -1.145925061246896082e+00 4.695695111584888282e-02
-1.145599124123644064e+00 1.405788000000000000e+06 5.491578030232686549e+06 -1.145837937157055064e+00 4.628148624100360958e-02
-1.145599124123644064e+00 1.405788000000000000e+06 5.491578030232686549e+06 -1.145182974673389253e+00 4.706239620519196698e-02
-1.145599124123644064e+00 1.405788000000000000e+06 5.491578030232686549e+06 -1.145544045617228113e+00 4.681102032261653251e-02
-1.145599124123644064e+00 1.405788000000000000e+06 5.491578030232686549e+06 -1.145360685964141867e+00 4.727588512122574832e-02
-1.145599124123644064e+00 1.405788000000000000e+06 5.491578030232686549e+06 -1.145575682250912442e+00 4.729747840453824709e-02
-1.145599124123644064e+00 1.405788000000000000e+06 5.491578030232686549e+06 -1.145254117406141914e+00 4.699860189567988539e-02
-1.145599124123644064e+00 1.405788000000000000e+06 5.491578030232686549e+06 -1.146025251602768913e+00 4.668975210047691948e-02
-1.145599124123644064e+00 1.405788000000000000e+06 5.491578030232686549e+06 -1.145962385509165182e+00 4.664114669573308364e-02
-1.145599124123644064e+00 1.405788000000000000e+06 5.491578030232686549e+06 -1.145793275230797326e+00 4.704300362455746815e-02
-1.145599124123644064e+00 1.405788000000000000e+06 5.491578030232686549e+06 -1.145582928578241066e+00 4.729160680091799157e-02
-1.145599124123644064e+00 1.405788000000000000e+06 5.491578030232686549e+06 -1.145770120103547729e+00 4.717394217905446913e-02
-1.145599124123644064e+00 1.405788000000000000e+06 5.491578030232686549e+06 -1.145800669233326019e+00 4.705631251846461444e-02
-1.145599124123644064e+00 1.405788000000000000e+06 5.491578030232686549e+06 -1.145553421710920672e+00 4.695571988502439398e-02
-1.145599124123644064e+00 1.405788000000000000e+06 5.491578030232686549e+06 -1.145424704436351693e+00 4.747762248647829919e-02
-1.145599124123644064e+00 1.405788000000000000e+06 5.491578030232686549e+06 -1.146064880622237325e+00 4.651334012818661434e-02
-1.145599124123644064e+00 1.405788000000000000e+06 5.491578030232686549e+06 -1.145465484980771720e+00 4.711923791924337024e-02
-1.145599124123644064e+00 1.405788000000000000e+06 5.491578030232686549e+06 -1.144838418595246043e+00 4.765101553238520332e-02
-1.145599124123644064e+00 1.405788000000000000e+06 5.491578030232686549e+06 -1.145842735320097283e+00 4.707018791792259155e-02
-1.145599124123644064e+00 1.405788000000000000e+06 5.491578030232686549e+06 -1.145654858342925575e+00 4.683636985462849567e-02
-1.145599124123644064e+00 1.405788000000000000e+06 5.491578030232686549e+06 -1.145496006794895161e+00 4.711108484351871073e-02
-1.145599124123644064e+00 1.405788000000000000e+06 5.491578030232686549e+06 -1.145563747023114365e+00 4.688148909684111687e-02
-1.145599124123644064e+00 1.405788000000000000e+06 5.491578030232686549e+06 -1.145799286378978543e+00 4.655916634142734378e-02
-1.145599124123644064e+00 1.405788000000000000e+06 5.491578030232686549e+06 -1.145251573637091846e+00 4.729332234549949582e-02
-1.145599124123644064e+00 1.405788000000000000e+06 5.491578030232686549e+06 -1.145440429709279284e+00 4.763902864411752314e-02
-1.145599124123644064e+00 1.405788000000000000e+06 5.491578030232686549e+06 -1.145555594157993795e+00 4.745093917123840987e-02
-1.145599124123644064e+00 1.405788000000000000e+06 5.491578030232686549e+06 -1.145525056125209051e+00 4.713758473106013924e-02
-1.145599124123644064e+00 1.405788000000000000e+06 5.491578030232686549e+06 -1.145789457016427981e+00 4.673308999693328442e-02
-1.145599124123644064e+00 1.405788000000000000e+06 5.491578030232686549e+06 -1.145552925761315066e+00 4.697283634592572948e-02
-1.145599124123644064e+00 1.405788000000000000e+06 5.491578030232686549e+06 -1.145303485305140256e+00 4.743344497407880889e-02
-1.145599124123644064e+00 1.405788000000000000e+06 5.491578030232686549e+06 -1.145947761397985376e+00 4.675010289632373917e-02
-1.145599124123644064e+00 1.405788000000000000e+06 5.491578030232686549e+06 -1.145061931386633036e+00 4.742679057484951166e-02
-1.145599124123644064e+00 1.405788000000000000e+06 5.491578030232686549e+06 -1.145689012283623631e+00 4.709287049094979666e-02
-1.145599124123644064e+00 1.405788000000000000e+06 5.491578030232686549e+06 -1.145678058711684155e+00 4.738726523665187651e-02
-1.145599124123644064e+00 1.405788000000000000e+06 5.491578030232686549e+06 -1.145519433371296802e+00 4.759262285690545047e-02
-1.145599124123644064e+00 1.405788000000000000e+06 5.491578030232686549e+06 -1.145377199976223004e+00 4.739183915202734715e-02
-1.145599124123644064e+00 1.405788000000000000e+06 5.491578030232686549e+06 -1.146193759229803932e+00 4.619991218171235620e-02
-1.145599124123644064e+00 1.405788000000000000e+06 5.491578030232686549e+06 -1.145685247846923493e+00 4.706195341542596805e-02
-1.145599124123644064e+00 1.405788000000000000e+06 5.491578030232686549e+06 -1.145808717103956154e+00 4.688097887906008537e-02
-1.145599124123644064e+00 1.405788000000000000e+06 5.491578030232686549e+06 -1.145675979308500292e+00 4.681577696864702015e-02
-1.145599124123644064e+00 1.405788000000000000e+06 5.491578030232686549e+06 -1.145874368539316457e+00 4.682747514289680585e-02
-1.145599124123644064e+00 1.405788000000000000e+06 5.491578030232686549e+06 -1.145809104644635257e+00 4.684450698559619597e-02
-1.145599124123644064e+00 1.405788000000000000e+06 5.491578030232686549e+06 -1.145771218704511263e+00 4.728368191071689181e-02
-1.145599124123644064e+00 1.405788000000000000e+06 5.491578030232686549e+06 -1.145071883669626978e+00 4.767687508454491324e-02
-1.145599124123644064e+00 1.405788000000000000e+06 5.491578030232686549e+06 -1.145547368735637228e+00 4.707489134772155359e-02
-1.145599124123644064e+00 1.405788000000000000e+06 5.491578030232686549e+06 -1.145446587679060046e+00 4.721741241369257353e-02
-1.145599124123644064e+00 1.405788000000000000e+06 5.491578030232686549e+06 -1.146180984046093698e+00 4.649576985634235049e-02
-1.145599124123644064e+00 1.405788000000000000e+06 5.491578030232686549e+06 -1.145735858607541013e+00 4.672264904094326071e-02
-1.145599124123644064e+00 1.405788000000000000e+06 5.491578030232686549e+06 -1.145427006632691036e+00 4.697681201990126787e-02
-1.145599124123644064e+00 1.405788000000000000e+06 5.491578030232686549e+06 -1.145533294351749776e+00 4.738148324185056243e-02
-1.145599124123644064e+00 1.405788000000000000e+06 5.491578030232686549e+06 -1.145552512612263651e+00 4.730251673588299621e-02
-1.145599124123644064e+00 1.405788000000000000e+06 5.491578030232686549e+06 -1.145436676369515405e+00 4.702384630972501062e-02
-1.145599124123644064e+00 1.405788000000000000e+06 5.491578030232686549e+06 -1.144641518920488821e+00 4.807077479611233939e-02
-1.145599124123644064e+00 1.405788000000000000e+06 5.491578030232686549e+06 -1.145707423879093856e+00 4.655643204108811384e-02
-1.145599124123644064e+00 1.405788000000000000e+06 5.491578030232686549e+06 -1.145298035834829697e+00 4.752331337891371049e-02
-1.145599124123644064e+00 1.405788000000000000e+06 5.491578030232686549e+06 -1.145310798214333126e+00 4.733065646035711921e-02
-1.145599124123644064e+00 1.405788000000000000e+06 5.491578030232686549e+06 -1.145682931139065275e+00 4.684901906489808560e-02
-1.145599124123644064e+00 1.405788000000000000e+06 5.491578030232686549e+06 -1.145458628754953301e+00 4.728850053355312943e-02
-1.145599124123644064e+00 1.405788000000000000e+06 5.491578030232686549e+06 -1.145523947280938870e+00 4.752618944895534159e-02
-1.145599124123644064e+00 1.405788000000000000e+06 5.491578030232686549e+06 -1.145511716702762639e+00 4.704834937690463570e-02
-1.145599124123644064e+00 1.405788000000000000e+06 5.491578030232686549e+06 -1.145489967477447246e+00 4.723948411176995266e-02
-1.145599124123644064e+00 1.405788000000000000e+06 5.491578030232686549e+06 -1.146003097764493051e+00 4.634003342003931852e-02
-1.145599124123644064e+00 1.405788000000000000e+06 5.491578030232686549e+06 -1.146188565843613505e+00 4.682611969213645864e-02
-1.145599124123644064e+00 1.405788000000000000e+06 5.491578030232686549e+06 -1.145499099437558899e+00 4.687308586455233433e-02
-1.145599124123644064e+00 1.405788000000000000e+06 5.491578030232686549e+06 -1.145985076270553682e+00 4.726431056403757047e-02
-1.145599124123644064e+00 1.405788000000000000e+06 5.491578030232686549e+06 -1.145484131320066323e+00 4.777929222437437423e-02
-1.145599124123644064e+00 1.405788000000000000e+06 5.491578030232686549e+06 -1.145341174914084936e+00 4.759695505909095764e-02
-1.145599124123644064e+00 1.405788000000000000e+06 5.491578030232686549e+06 -1.145057888671812796e+00 4.766988977195497912e-02
-1.145599124123644064e+00 1.405788000000000000e+06 5.491578030232686549e+06 -1.145890480499295538e+00 4.695443921419548139e-02
