# Energy,SamplesEBS,SamplesHoeffding,E_estim,Var_estim
-1.098019995881075239e+00 1.142391000000000000e+06 3.427169233498376794e+06 -1.098452904827986520e+00 5.133870291898939148e-02
-1.098019995881075239e+00 1.142391000000000000e+06 3.427169233498376794e+06 -1.097739637654154388e+00 5.185753924495859618e-02
-1.098019995881075239e+00 1.142391000000000000e+06 3.427169233498376794e+06 -1.097461708468788544e+00 5.175205434854870251e-02
-1.098019995881075239e+00 1.142391000000000000e+06 3.427169233498376794e+06 -1.098376542881857265e+00 5.177083842643228490e-02
-1.098019995881075239e+00 1.142391000000000000e+06 3.427169233498376794e+06 -1.098585092318926648e+00 5.143737112535918393e-02
-1.098019995881075239e+00 1.142391000000000000e+06 3.427169233498376794e+06 -1.097798611858258333e+00 5.187043415652117101e-02
-1.098019995881075239e+00 1.142391000000000000e+06 3.427169233498376794e+06 -1.098370066990502103e+00 5.133595301970393654e-02
-1.098019995881075239e+00 1.142391000000000000e+06 3.427169233498376794e+06 -1.098049636945104712e+00 5.164302954175543914e-02
-1.098019995881075239e+00 1.142391000000000000e+06 3.427169233498376794e+06 -1.097769016562036626e+00 5.189340058667855221e-02
-1.098019995881075239e+00 1.142391000000000000e+06 3.427169233498376794e+06 -1.098015770081622877e+00 5.179292231561519189e-02
-1.098019995881075239e+00 1.142391000000000000e+06 3.427169233498376794e+06 -1.098241631104712512e+00 5.195977536587134682e-02
-1.098019995881075239e+00 1.142391000000000000e+06 3.427169233498376794e+06 -1.097149547396089497e+00 5.228558794759964601e-02
-1.098019995881075239e+00 1.142391000000000000e+06 3.427169233498376794e+06 -1.097671597727363890e+00 5.198050371008470366e-02
-1.098019995881075239e+00 1.142391000000000000e+06 3.427169233498376794e+06 -1.097499201411186398e+00 5.206642899769660382e-02
-1.098019995881075239e+00 1.142391000000000000e+06 3.427169233498376794e+06 -1.098131460593909647e+00 5.208895930868168156e-02
-1.098019995881075239e+00 1.142391000000000000e+06 3.427169233498376794e+06 -1.098424982339119227e+00 5.133531450818284297e-02
-1.098019995881075239e+00 1.142391000000000000e+06 3.427169233498376794e+06 -1.098292549573089749e+00 5.127585148633874434e-02
-1.098019995881075239e+00 1.142391000000000000e+06 3.427169233498376794e+06 -1.098137988481465488e+00 5.178686971279303913e-02
-1.098019995881075239e+00 1.142391000000000000e+06 3.427169233498376794e+06 -1.098879738022561225e+00 5.138764105409356769e-02
-1.098019995881075239e+00 1.142391000000000000e+06 3.427169233498376794e+06 -1.097943796825561424e+00 5.164606501438860631e-02
-1.098019995881075239e+00 1.142391000000000000e+06 3.427169233498376794e+06 -1.098539126620712292e+00 5.185178926955916895e-02
-1.098019995881075239e+00 1.142391000000000000e+06 3.427169233498376794e+06 -1.098117805549344794e+00 5.172314598294867893e-02
-1.098019995881075239e+00 1.142391000000000000e+06 3.427169233498376794e+06 -1.097499170948766922e+00 5.237725980616313864e-02
-1.098019995881075239e+00 1.142391000000000000e+06 3.427169233498376794e+06 -1.098165666745738900e+00 5.191021579766411098e-02
-1.098019995881075239e+00 1.142391000000000000e+06 3.427169233498376794e+06 -1.098197394411669858e+00 5.185224897198108945e-02
-1.098019995881075239e+00 1.142391000000000000e+06 3.427169233498376794e+06 -1.097276780016086528e+00 5.227563909121203667e-02
-1.098019995881075239e+00 1.142391000000000000e+06 3.427169233498376794e+06 -1.098253858091812640e+00 5.161171576262349459e-02
-1.098019995881075239e+00 1.142391000000000000e+06 3.427169233498376794e+06 -1.098197361323188348e+00 5.164021080239494799e-02
-1.098019995881075239e+00 1.142391000000000000e+06 3.427169233498376794e+06 -1.097997012055718091e+00 5.185270017395222225e-02
-1.098019995881075239e+00 1.142391000000000000e+06 3.427169233498376794e+06 -1.097856717358054679e+00 5.195992350368711793e-02
-1.098019995881075239e+00 1.142391000000000000e+06 3.427169233498376794e+06 -1.098221509622649528e+00 5.174588686955461370e-02
-1.098019995881075239e+00 1.142391000000000000e+06 3.427169233498376794e+06 -1.098643381118492357e+00 5.120058154342411322e-02
-1.098019995881075239e+00 1.142391000000000000e+06 3.427169233498376794e+06 -1.098190921146387167e+00 5.144851296687050907e-02
-1.098019995881075239e+00 1.142391000000000000e+06 3.427169233498376794e+06 -1.097950453390599934e+00 5.176206741161724217e-02
-1.098019995881075239e+00 1.142391000000000000e+06 3.427169233498376794e+06 -1.097846965705562727e+00 5.176026216611150782e-02
-1.098019995881075239e+00 1.142391000000000000e+06 3.427169233498376794e+06 -1.097814801586617595e+00 5.187537503191218952e-02
-1.098019995881075239e+00 1.142391000000000000e+06 3.427169233498376794e+06 -1.097953054251394889e+00 5.191858782812960177e-02
-1.098019995881075239e+00 1.142391000000000000e+06 3.427169233498376794e+06 -1.098042828593146947e+00 5.174418894260533752e-02
-1.098019995881075239e+00 1.142391000000000000e+06 3.427169233498376794e+06 -1.097847369070062307e+00 5.201111218257839508e-02
-1.098019995881075239e+00 1.142391000000000000e+06 3.427169233498376794e+06 -1.097795546708035586e+00 5.174932992680657262e-02
-1.098019995881075239e+00 1.142391000000000000e+06 3.427169233498376794e+06 -1.097554334723706226e+00 5.211872648094423993e-02
-1.098019995881075239e+00 1.142391000000000000e+06 3.427169233498376794e+06 -1.097247955734400815e+00 5.213004689245926554e-02
-1.098019995881075239e+00 1.142391000000000000e+06 3.427169233498376794e+06 -1.098143623504835631e+00 5.171867549855877627e-02
-1.098019995881075239e+00 1.142391000000000000e+06 3.427169233498376794e+06 -1.098090529073978860e+00 5.148620615692619390e-02
-1.098019995881075239e+00 1.142391000000000000e+06 3.427169233498376794e+06 -1.097684509593765068e+00 5.228250641192900422e-02
-1.098019995881075239e+00 1.142391000000000000e+06 3.427169233498376794e+06 -1.098402417035263756e+00 5.133475383337842562e-02
-1.098019995881075239e+00 1.142391000000000000e+06 3.427169233498376794e+06 -1.098416160841037215e+00 5.144027657135662179e-02
-1.098019995881075239e+00 1.142391000000000000e+06 3.427169233498376794e+06 -1.097515113826488919e+00 5.219628763859197884e-02
-1.098019995881075239e+00 1.142391000000000000e+06 3.427169233498376794e+06 -1.097749114619534616e+00 5.198897643786766498e-02
-1.098019995881075239e+00 1.142391000000000000e+06 3.427169233498376794e+06 -1.098477268465303025e+00 5.122445728968703926e-02
-1.098019995881075239e+00 1.142391000000000000e+06 3.427169233498376794e+06 -1.098067868181154427e+00 5.146396351498993410e-02
-1.098019995881075239e+00 1.142391000000000000e+06 3.427169233498376794e+06 -1.097840466179576646e+00 5.203705069612160616e-02
-1.098019995881075239e+00 1.142391000000000000e+06 3.427169233498376794e+06 -1.098372823314720081e+00 5.142887222647803819e-02
-1.098019995881075239e+00 1.142391000000000000e+06 3.427169233498376794e+06 -1.097751931343410314e+00 5.206545696922232347e-02
-1.098019995881075239e+00 1.142391000000000000e+06 3.427169233498376794e+06 -1.097564642577998351e+00 5.205295249368999122e-02
-1.098019995881075239e+00 1.142391000000000000e+06 3.427169233498376794e+06 -1.098455633315858604e+00 5.153592925432011473e-02
-1.098019995881075239e+00 1.142391000000000000e+06 3.427169233498376794e+06 -1.097887828422440926e+00 5.185707447608697840e-02
-1.098019995881075239e+00 1.142391000000000000e+06 3.427169233498376794e+06 -1.098195070338732426e+00 5.149356019229884424e-02
-1.098019995881075239e+00 1.142391000000000000e+06 3.427169233498376794e+06 -1.098262155426054543e+00 5.168700807768062538e-02
-1.098019995881075239e+00 1.142391000000000000e+06 3.427169233498376794e+06 -1.097643862739931198e+00 5.218881463021921019e-02
-1.098019995881075239e+00 1.142391000000000000e+06 3.427169233498376794e+06 -1.097692958189721013e+00 5.214495237861576510e-02
-1.098019995881075239e+00 1.142391000000000000e+06 3.427169233498376794e+06 -1.098433529150122601e+00 5.143214931844498211e-02
-1.098019995881075239e+00 1.142391000000000000e+06 3.427169233498376794e+06 -1.097684353079951158e+00 5.217827084638757690e-02
-1.098019995881075239e+00 1.142391000000000000e+06 3.427169233498376794e+06 -1.098001683311012444e+00 5.156580824840787530e-02
-1.098019995881075239e+00 1.142391000000000000e+06 3.427169233498376794e+06 -1.098119262493617132e+00 5.193972859577820900e-02
-1.098019995881075239e+00 1.142391000000000000e+06 3.427169233498376794e+06 -1.097981283990639101e+00 5.164521274911259424e-02
-1.098019995881075239e+00 1.142391000000000000e+06 3.427169233498376794e+06 -1.097591140160721901e+00 5.192325187068223130e-02
-1.098019995881075239e+00 1.142391000000000000e+06 3.427169233498376794e+06 -1.097911943108229149e+00 5.175559182631684491e-02
-1.098019995881075239e+00 1.142391000000000000e+06 3.427169233498376794e+06 -1.098025214483769885e+00 5.197605901737523126e-02
-1.098019995881075239e+00 1.142391000000000000e+06 3.427169233498376794e+06 -1.098082171865281786e+00 5.168331721230347287e-02
-1.098019995881075239e+00 1.142391000000000000e+06 3.427169233498376794e+06 -1.097587423744877944e+00 5.175445882722504165e-02
-1.098019995881075239e+00 1.142391000000000000e+06 3.427169233498376794e+06 -1.097800746328833288e+00 5.177555308792221311e-02
-1.098019995881075239e+00 1.142391000000000000e+06 3.427169233498376794e+06 -1.097719022995932825e+00 5.198291431656045652e-02
-1.098019995881075239e+00 1.142391000000000000e+06 3.427169233498376794e+06 -1.098462469504184025e+00 5.114183974328282561e-02
-1.098019995881075239e+00 1.142391000000000000e+06 3.427169233498376794e+06 -1.097976179433618471e+00 5.196016049834859679e-02
-1.098019995881075239e+00 1.142391000000000000e+06 3.427169233498376794e+06 -1.097787162713420361e+00 5.214026159320585274e-02
-1.098019995881075239e+00 1.142391000000000000e+06 3.427169233498376794e+06 -1.097933859247278710e+00 5.166275278386822656e-02
-1.098019995881075239e+00 1.142391000000000000e+06 3.427169233498376794e+06 -1.097649556062108900e+00 5.195739454647032435e-02
-1.098019995881075239e+00 1.142391000000000000e+06 3.427169233498376794e+06 -1.098194388610682859e+00 5.152080301686357000e-02
-1.098019995881075239e+00 1.142391000000000000e+06 3.427169233498376794e+06 -1.098118207338252716e+00 5.168938437392530533e-02
-1.098019995881075239e+00 1.142391000000000000e+06 3.427169233498376794e+06 -1.097768056470453502e+00 5.169408960345874687e-02
-1.098019995881075239e+00 1.142391000000000000e+06 3.427169233498376794e+06 -1.097994072431734525e+00 5.189527706000198609e-02
-1.098019995881075239e+00 1.142391000000000000e+06 3.427169233498376794e+06 -1.097916152175010041e+00 5.164826403024929541e-02
-1.098019995881075239e+00 1.142391000000000000e+06 3.427169233498376794e+06 -1.097899124729949216e+00 5.160801096418651812e-02
-1.098019995881075239e+00 1.142391000000000000e+06 3.427169233498376794e+06 -1.097117660590238186e+00 5.228329054423096200e-02
-1.098019995881075239e+00 1.142391000000000000e+06 3.427169233498376794e+06 -1.097939773684616815e+00 5.180894097787278052e-02
-1.098019995881075239e+00 1.142391000000000000e+06 3.427169233498376794e+06 -1.098691520153205259e+00 5.127379471409155426e-02
-1.098019995881075239e+00 1.142391000000000000e+06 3.427169233498376794e+06 -1.098147523220458277e+00 5.182078894325851948e-02
-1.098019995881075239e+00 1.142391000000000000e+06 3.427169233498376794e+06 -1.098416937632876955e+00 5.158456832675679948e-02
-1.098019995881075239e+00 1.142391000000000000e+06 3.427169233498376794e+06 -1.098481603583460586e+00 5.140517598057196824e-02
-1.098019995881075239e+00 1.142391000000000000e+06 3.427169233498376794e+06 -1.098509369558543280e+00 5.109620475735227735e-02
-1.098019995881075239e+00 1.142391000000000000e+06 3.427169233498376794e+06 -1.097792478931784332e+00 5.165888663635979927e-02
-1.098019995881075239e+00 1.142391000000000000e+06 3.427169233498376794e+06 -1.098188539825087462e+00 5.167175368561680721e-02
-1.098019995881075239e+00 1.142391000000000000e+06 3.427169233498376794e+06 -1.097713948376124016e+00 5.213337402778214086e-02
-1.098019995881075239e+00 1.142391000000000000e+06 3.427169233498376794e+06 -1.097340334613424284e+00 5.231379018450409146e-02
-1.098019995881075239e+00 1.142391000000000000e+06 3.427169233498376794e+06 -1.097966207716400300e+00 5.153660416191601507e-02
-1.098019995881075239e+00 1.142391000000000000e+06 3.427169233498376794e+06 -1.098646694694993320e+00 5.124390663397928453e-02
-1.098019995881075239e+00 1.142391000000000000e+06 3.427169233498376794e+06 -1.097903801762579512e+00 5.169623873671497227e-02
-1.098019995881075239e+00 1.142391000000000000e+06 3.427169233498376794e+06 -1.097926276729542350e+00 5.182457254026416604e-02
-1.098019995881075239e+00 1.142391000000000000e+06 3.427169233498376794e+06 -1.097876743251100073e+00 5.152612296118228019e-02
