# Energy,SamplesEBS,SamplesHoeffding,E_estim,Var_estim
-9.441503231085569547e-01 2.089620000000000000e+05 1.489639200637381291e+06 -9.445357998118860676e-01 3.135809186820253530e-03
-9.441503231085569547e-01 2.089620000000000000e+05 1.489639200637381291e+06 -9.442055416788287525e-01 3.177249883865927542e-03
-9.441503231085569547e-01 2.089620000000000000e+05 1.489639200637381291e+06 -9.439012289329696825e-01 3.165676687218093709e-03
-9.441503231085569547e-01 2.089620000000000000e+05 1.489639200637381291e+06 -9.443827260472814622e-01 3.119830849439040460e-03
-9.441503231085569547e-01 2.089620000000000000e+05 1.489639200637381291e+06 -9.446303098184943847e-01 3.088891371655428514e-03
-9.441503231085569547e-01 2.089620000000000000e+05 1.489639200637381291e+06 -9.440335917549182998e-01 3.190301176719096809e-03
-9.441503231085569547e-01 2.089620000000000000e+05 1.489639200637381291e+06 -9.438745255132089396e-01 3.185625976742838174e-03
-9.441503231085569547e-01 2.089620000000000000e+05 1.489639200637381291e+06 -9.439724926077062150e-01 3.200592546420595336e-03
-9.441503231085569547e-01 2.089620000000000000e+05 1.489639200637381291e+06 -9.438744479871515880e-01 3.205533439227678093e-03
-9.441503231085569547e-01 2.089620000000000000e+05 1.489639200637381291e+06 -9.441826140651969901e-01 3.235996618173387143e-03
-9.441503231085569547e-01 2.089620000000000000e+05 1.489639200637381291e+06 -9.444823326743232439e-01 3.096296588784224185e-03
-9.441503231085569547e-01 2.089620000000000000e+05 1.489639200637381291e+06 -9.443870502784807996e-01 3.112821931278582453e-03
-9.441503231085569547e-01 2.089620000000000000e+05 1.489639200637381291e+06 -9.438237574309756850e-01 3.224025252411310757e-03
-9.441503231085569547e-01 2.089620000000000000e+05 1.489639200637381291e+06 -9.438969793564905286e-01 3.176865883227644304e-03
-9.441503231085569547e-01 2.089620000000000000e+05 1.489639200637381291e+06 -9.443366927972179914e-01 3.136377856238113920e-03
-9.441503231085569547e-01 2.089620000000000000e+05 1.489639200637381291e+06 -9.438757228600969107e-01 3.214580431960619919e-03
-9.441503231085569547e-01 2.089620000000000000e+05 1.489639200637381291e+06 -9.439337582923731373e-01 3.171166547611045487e-03
-9.441503231085569547e-01 2.089620000000000000e+05 1.489639200637381291e+06 -9.436737330246205424e-01 3.194073048137747225e-03
-9.441503231085569547e-01 2.089620000000000000e+05 1.489639200637381291e+06 -9.442292560383779287e-01 3.189640279127256995e-03
-9.441503231085569547e-01 2.089620000000000000e+05 1.489639200637381291e+06 -9.441286329585848458e-01 3.153142842582947695e-03
-9.441503231085569547e-01 2.089620000000000000e+05 1.489639200637381291e+06 -9.447401125577493675e-01 3.094038250262246600e-03
-9.441503231085569547e-01 2.089620000000000000e+05 1.489639200637381291e+06 -9.441302868478067545e-01 3.149336948973762828e-03
-9.441503231085569547e-01 2.089620000000000000e+05 1.489639200637381291e+06 -9.444797398584039438e-01 3.070935540018165932e-03
-9.441503231085569547e-01 2.089620000000000000e+05 1.489639200637381291e+06 -9.442228989016756557e-01 3.138938482136489991e-03
-9.441503231085569547e-01 2.089620000000000000e+05 1.489639200637381291e+06 -9.441541218034467109e-01 3.173810509979882108e-03
-9.441503231085569547e-01 2.089620000000000000e+05 1.489639200637381291e+06 -9.440631033407587136e-01 3.157785913249687437e-03
-9.441503231085569547e-01 2.089620000000000000e+05 1.489639200637381291e+06 -9.442827547606342797e-01 3.146251037643988703e-03
-9.441503231085569547e-01 2.089620000000000000e+05 1.489639200637381291e+06 -9.445048037456176271e-01 3.090580581348486167e-03
-9.441503231085569547e-01 2.089620000000000000e+05 1.489639200637381291e+06 -9.442765498047103190e-01 3.118249229415093714e-03
-9.441503231085569547e-01 2.089620000000000000e+05 1.489639200637381291e+06 -9.442230367257762325e-01 3.148579626078875249e-03
-9.441503231085569547e-01 2.089620000000000000e+05 1.489639200637381291e+06 -9.446630373000469705e-01 3.078979427674742326e-03
-9.441503231085569547e-01 2.089620000000000000e+05 1.489639200637381291e+06 -9.438785310261726957e-01 3.167486418895012600e-03
-9.441503231085569547e-01 2.089620000000000000e+05 1.489639200637381291e+06 -9.442495879647579970e-01 3.140145703748156540e-03
-9.441503231085569547e-01 2.089620000000000000e+05 1.489639200637381291e+06 -9.440728285539572440e-01 3.176221831871070631e-03
-9.441503231085569547e-01 2.089620000000000000e+05 1.489639200637381291e+06 -9.438799264952060231e-01 3.183963427465024906e-03
-9.441503231085569547e-01 2.089620000000000000e+05 1.489639200637381291e+06 -9.441042811625629527e-01 3.151181596246473929e-03
-9.441503231085569547e-01 2.089620000000000000e+05 1.489639200637381291e+06 -9.442396646294148876e-01 3.156952146132457459e-03
-9.441503231085569547e-01 2.089620000000000000e+05 1.489639200637381291e+06 -9.443056938596100514e-01 3.209481441170022094e-03
-9.441503231085569547e-01 2.089620000000000000e+05 1.489639200637381291e+06 -9.441473253524141906e-01 3.144590330878951900e-03
-9.441503231085569547e-01 2.089620000000000000e+05 1.489639200637381291e+06 -9.438759812802861582e-01 3.198887140778974934e-03
-9.441503231085569547e-01 2.089620000000000000e+05 1.489639200637381291e+06 -9.438809573046339496e-01 3.197809767013155488e-03
-9.441503231085569547e-01 2.089620000000000000e+05 1.489639200637381291e+06 -9.444884629755283534e-01 3.092578762850798062e-03
-9.441503231085569547e-01 2.089620000000000000e+05 1.489639200637381291e+06 -9.442610273652223274e-01 3.124544455585288177e-03
-9.441503231085569547e-01 2.089620000000000000e+05 1.489639200637381291e+06 -9.445015706218927720e-01 3.148693028989054364e-03
-9.441503231085569547e-01 2.089620000000000000e+05 1.489639200637381291e+06 -9.440354437662901166e-01 3.137307846559880993e-03
-9.441503231085569547e-01 2.089620000000000000e+05 1.489639200637381291e+06 -9.441090303514116933e-01 3.157295191304170922e-03
-9.441503231085569547e-01 2.089620000000000000e+05 1.489639200637381291e+06 -9.442959542897357839e-01 3.150215764718232361e-03
-9.441503231085569547e-01 2.089620000000000000e+05 1.489639200637381291e+06 -9.445447210511572766e-01 3.135213935565331778e-03
-9.441503231085569547e-01 2.089620000000000000e+05 1.489639200637381291e+06 -9.442527579191062337e-01 3.170952471612199265e-03
-9.441503231085569547e-01 2.089620000000000000e+05 1.489639200637381291e+06 -9.440793235147615370e-01 3.127539573912428792e-03
-9.441503231085569547e-01 2.089620000000000000e+05 1.489639200637381291e+06 -9.440299365448822089e-01 3.161669223670478604e-03
-9.441503231085569547e-01 2.089620000000000000e+05 1.489639200637381291e+06 -9.440203462844495297e-01 3.218603463817019082e-03
-9.441503231085569547e-01 2.089620000000000000e+05 1.489639200637381291e+06 -9.441123381298581752e-01 3.148553602524104510e-03
-9.441503231085569547e-01 2.089620000000000000e+05 1.489639200637381291e+06 -9.438053837553798120e-01 3.214942740170429868e-03
-9.441503231085569547e-01 2.089620000000000000e+05 1.489639200637381291e+06 -9.441903236009011602e-01 3.172928835486000469e-03
-9.441503231085569547e-01 2.089620000000000000e+05 1.489639200637381291e+06 -9.439922014542905249e-01 3.205131400281817627e-03
-9.441503231085569547e-01 2.089620000000000000e+05 1.489639200637381291e+06 -9.442308639862355690e-01 3.189045729381456001e-03
-9.441503231085569547e-01 2.089620000000000000e+05 1.489639200637381291e+06 -9.438292962370727901e-01 3.153508379511284123e-03
-9.441503231085569547e-01 2.089620000000000000e+05 1.489639200637381291e+06 -9.442629683879926183e-01 3.191519094377197763e-03
-9.441503231085569547e-01 2.089620000000000000e+05 1.489639200637381291e+06 -9.440417406049498306e-01 3.164703429620729230e-03
-9.441503231085569547e-01 2.089620000000000000e+05 1.489639200637381291e+06 -9.443486633947421049e-01 3.129978410844639399e-03
-9.441503231085569547e-01 2.089620000000000000e+05 1.489639200637381291e+06 -9.444205501492723975e-01 3.167584513007589732e-03
-9.441503231085569547e-01 2.089620000000000000e+05 1.489639200637381291e+06 -9.440287363266576248e-01 3.189815061251836861e-03
-9.441503231085569547e-01 2.089620000000000000e+05 1.489639200637381291e+06 -9.441498435136123080e-01 3.168827849386189350e-03
-9.441503231085569547e-01 2.089620000000000000e+05 1.489639200637381291e+06 -9.441642116762469783e-01 3.194692552608807516e-03
-9.441503231085569547e-01 2.089620000000000000e+05 1.489639200637381291e+06 -9.440434232075272103e-01 3.216476146643667926e-03
-9.441503231085569547e-01 2.089620000000000000e+05 1.489639200637381291e+06 -9.442682947152690742e-01 3.162176324092930060e-03
-9.441503231085569547e-01 2.089620000000000000e+05 1.489639200637381291e+06 -9.445646883179367181e-01 3.140862118320564625e-03
-9.441503231085569547e-01 2.089620000000000000e+05 1.489639200637381291e+06 -9.442588106942501058e-01 3.199686007320253541e-03
-9.441503231085569547e-01 2.089620000000000000e+05 1.489639200637381291e+06 -9.437613834108172783e-01 3.202604065712823158e-03
-9.441503231085569547e-01 2.089620000000000000e+05 1.489639200637381291e+06 -9.442099405647534915e-01 3.193607708744123502e-03
-9.441503231085569547e-01 2.089620000000000000e+05 1.489639200637381291e+06 -9.442935280112744190e-01 3.097776174499653878e-03
-9.441503231085569547e-01 2.089620000000000000e+05 1.489639200637381291e+06 -9.439666063700156151e-01 3.207856555014336388e-03
-9.441503231085569547e-01 2.089620000000000000e+05 1.489639200637381291e+06 -9.439673041045334445e-01 3.207208490063076078e-03
-9.441503231085569547e-01 2.089620000000000000e+05 1.489639200637381291e+06 -9.440655468472332057e-01 3.136175238960561568e-03
-9.441503231085569547e-01 2.089620000000000000e+05 1.489639200637381291e+06 -9.447412639632669640e-01 3.143853540251264570e-03
-9.441503231085569547e-01 2.089620000000000000e+05 1.489639200637381291e+06 -9.442717690311709378e-01 3.170714335443144440e-03
-9.441503231085569547e-01 2.089620000000000000e+05 1.489639200637381291e+06 -9.439501593605116314e-01 3.199743404494126246e-03
-9.441503231085569547e-01 2.089620000000000000e+05 1.489639200637381291e+06 -9.440375685545284723e-01 3.132920714837957900e-03
-9.441503231085569547e-01 2.089620000000000000e+05 1.489639200637381291e+06 -9.443096419458653079e-01 3.081745946398157642e-03
-9.441503231085569547e-01 2.089620000000000000e+05 1.489639200637381291e+06 -9.439464725657850108e-01 3.191448084767502854e-03
-9.441503231085569547e-01 2.089620000000000000e+05 1.489639200637381291e+06 -9.447026215306713048e-01 3.062914323881340065e-03
-9.441503231085569547e-01 2.089620000000000000e+05 1.489639200637381291e+06 -9.444416257515336754e-01 3.089748234394798943e-03
-9.441503231085569547e-01 2.089620000000000000e+05 1.489639200637381291e+06 -9.438745111565322032e-01 3.144574573774363332e-03
-9.441503231085569547e-01 2.089620000000000000e+05 1.489639200637381291e+06 -9.440479455608750126e-01 3.157527493446151377e-03
-9.441503231085569547e-01 2.089620000000000000e+05 1.489639200637381291e+06 -9.443571137349945355e-01 3.183964653785859283e-03
-9.441503231085569547e-01 2.089620000000000000e+05 1.489639200637381291e+06 -9.444816636531622178e-01 3.174242258349484029e-03
-9.441503231085569547e-01 2.089620000000000000e+05 1.489639200637381291e+06 -9.445852011384487934e-01 3.150694050871224658e-03
-9.441503231085569547e-01 2.089620000000000000e+05 1.489639200637381291e+06 -9.441152956053822098e-01 3.182482861959471179e-03
-9.441503231085569547e-01 2.089620000000000000e+05 1.489639200637381291e+06 -9.441971372799424778e-01 3.124394767909110821e-03
-9.441503231085569547e-01 2.089620000000000000e+05 1.489639200637381291e+06 -9.439212105564235289e-01 3.179698266313351913e-03
-9.441503231085569547e-01 2.089620000000000000e+05 1.489639200637381291e+06 -9.442267091638270049e-01 3.104810082699550281e-03
-9.441503231085569547e-01 2.089620000000000000e+05 1.489639200637381291e+06 -9.438187814066234527e-01 3.181447777556812781e-03
-9.441503231085569547e-01 2.089620000000000000e+05 1.489639200637381291e+06 -9.440643609856870233e-01 3.220147120292108766e-03
-9.441503231085569547e-01 2.089620000000000000e+05 1.489639200637381291e+06 -9.442148275776987010e-01 3.126398249983174202e-03
-9.441503231085569547e-01 2.089620000000000000e+05 1.489639200637381291e+06 -9.439765440620367931e-01 3.199646648065204366e-03
-9.441503231085569547e-01 2.089620000000000000e+05 1.489639200637381291e+06 -9.441965142001503830e-01 3.157281655257474211e-03
-9.441503231085569547e-01 2.089620000000000000e+05 1.489639200637381291e+06 -9.438793952981453517e-01 3.178583118431795636e-03
-9.441503231085569547e-01 2.089620000000000000e+05 1.489639200637381291e+06 -9.440494156846273022e-01 3.237720936229857450e-03
-9.441503231085569547e-01 2.089620000000000000e+05 1.489639200637381291e+06 -9.441816004837806364e-01 3.144458093681233926e-03
