# Energy,SamplesEBS,SamplesHoeffding,E_estim,Var_estim
-9.501833680820636063e-01 4.072080000000000000e+05 1.510625054146695649e+06 -9.499797813393279222e-01 1.083549882957163604e-02
-9.501833680820636063e-01 4.072080000000000000e+05 1.510625054146695649e+06 -9.508887399059720025e-01 1.061722827620050109e-02
-9.501833680820636063e-01 4.072080000000000000e+05 1.510625054146695649e+06 -9.505105115803856863e-01 1.076350274845885337e-02
-9.501833680820636063e-01 4.072080000000000000e+05 1.510625054146695649e+06 -9.503393174977654567e-01 1.072217977390027034e-02
-9.501833680820636063e-01 4.072080000000000000e+05 1.510625054146695649e+06 -9.499750736715141253e-01 1.077232951813660716e-02
-9.501833680820636063e-01 4.072080000000000000e+05 1.510625054146695649e+06 -9.501010770899079860e-01 1.079047202683587267e-02
-9.501833680820636063e-01 4.072080000000000000e+05 1.510625054146695649e+06 -9.506116800250102861e-01 1.073397633626167920e-02
-9.501833680820636063e-01 4.072080000000000000e+05 1.510625054146695649e+06 -9.500508192364481852e-01 1.078350793066547471e-02
-9.501833680820636063e-01 4.072080000000000000e+05 1.510625054146695649e+06 -9.498898214171469512e-01 1.072202621473658871e-02
-9.501833680820636063e-01 4.072080000000000000e+05 1.510625054146695649e+06 -9.507884349021226145e-01 1.070379481581829224e-02
-9.501833680820636063e-01 4.072080000000000000e+05 1.510625054146695649e+06 -9.500547165076216327e-01 1.080363453479561350e-02
-9.501833680820636063e-01 4.072080000000000000e+05 1.510625054146695649e+06 -9.501491350848416673e-01 1.078296861957834911e-02
-9.501833680820636063e-01 4.072080000000000000e+05 1.510625054146695649e+06 -9.500735147630254840e-01 1.080786958813537840e-02
-9.501833680820636063e-01 4.072080000000000000e+05 1.510625054146695649e+06 -9.503189058162541114e-01 1.075385130706080564e-02
-9.501833680820636063e-01 4.072080000000000000e+05 1.510625054146695649e+06 -9.498561030226030377e-01 1.080463818030918607e-02
-9.501833680820636063e-01 4.072080000000000000e+05 1.510625054146695649e+06 -9.503289503143990125e-01 1.080601130789280058e-02
-9.501833680820636063e-01 4.072080000000000000e+05 1.510625054146695649e+06 -9.500347026571819287e-01 1.079023645055872394e-02
-9.501833680820636063e-01 4.072080000000000000e+05 1.510625054146695649e+06 -9.499473330573902086e-01 1.071545941705934028e-02
-9.501833680820636063e-01 4.072080000000000000e+05 1.510625054146695649e+06 -9.500552130597388345e-01 1.070954840277908889e-02
-9.501833680820636063e-01 4.072080000000000000e+05 1.510625054146695649e+06 -9.503174279474523312e-01 1.079926043697236951e-02
-9.501833680820636063e-01 4.072080000000000000e+05 1.510625054146695649e+06 -9.497586049380986051e-01 1.078551669274265337e-02
-9.501833680820636063e-01 4.072080000000000000e+05 1.510625054146695649e+06 -9.499361849463349161e-01 1.089088204776953069e-02
-9.501833680820636063e-01 4.072080000000000000e+05 1.510625054146695649e+06 -9.502712073427336259e-01 1.075278730196747162e-02
-9.501833680820636063e-01 4.072080000000000000e+05 1.510625054146695649e+06 -9.505094580647316382e-01 1.083634666738669122e-02
-9.501833680820636063e-01 4.072080000000000000e+05 1.510625054146695649e+06 -9.500872414088735729e-01 1.076975935863777947e-02
-9.501833680820636063e-01 4.072080000000000000e+05 1.510625054146695649e+06 -9.502914790466437944e-01 1.076896734007164354e-02
-9.501833680820636063e-01 4.072080000000000000e+05 1.510625054146695649e+06 -9.500640684849699369e-01 1.074129160345371412e-02
-9.501833680820636063e-01 4.072080000000000000e+05 1.510625054146695649e+06 -9.500124196961355905e-01 1.078249588848049535e-02
-9.501833680820636063e-01 4.072080000000000000e+05 1.510625054146695649e+06 -9.501061074429535402e-01 1.074447325845884899e-02
-9.501833680820636063e-01 4.072080000000000000e+05 1.510625054146695649e+06 -9.504550229848829357e-01 1.067275203812819394e-02
-9.501833680820636063e-01 4.072080000000000000e+05 1.510625054146695649e+06 -9.504586624025688213e-01 1.081730581894675518e-02
-9.501833680820636063e-01 4.072080000000000000e+05 1.510625054146695649e+06 -9.498747686676652924e-01 1.086247188173813244e-02
-9.501833680820636063e-01 4.072080000000000000e+05 1.510625054146695649e+06 -9.501033078908774909e-01 1.080146327148302429e-02
-9.501833680820636063e-01 4.072080000000000000e+05 1.510625054146695649e+06 -9.497291403892521577e-01 1.090050001030015009e-02
-9.501833680820636063e-01 4.072080000000000000e+05 1.510625054146695649e+06 -9.503458699230478146e-01 1.073331060319491354e-02
-9.501833680820636063e-01 4.072080000000000000e+05 1.510625054146695649e+06 -9.501912801311057644e-01 1.076965235612889482e-02
-9.501833680820636063e-01 4.072080000000000000e+05 1.510625054146695649e+06 -9.499611540039221147e-01 1.078790450843807383e-02
-9.501833680820636063e-01 4.072080000000000000e+05 1.510625054146695649e+06 -9.501036983547057613e-01 1.085698738264588917e-02
-9.501833680820636063e-01 4.072080000000000000e+05 1.510625054146695649e+06 -9.506921642001796569e-01 1.063660146304077660e-02
-9.501833680820636063e-01 4.072080000000000000e+05 1.510625054146695649e+06 -9.505687658386416938e-01 1.073373457796165768e-02
-9.501833680820636063e-01 4.072080000000000000e+05 1.510625054146695649e+06 -9.499830391338984770e-01 1.074425282935646819e-02
-9.501833680820636063e-01 4.072080000000000000e+05 1.510625054146695649e+06 -9.499845847813190858e-01 1.068121024868429018e-02
-9.501833680820636063e-01 4.072080000000000000e+05 1.510625054146695649e+06 -9.501387531669960307e-01 1.073676059609237482e-02
-9.501833680820636063e-01 4.072080000000000000e+05 1.510625054146695649e+06 -9.501259017495297110e-01 1.074588807761162924e-02
-9.501833680820636063e-01 4.072080000000000000e+05 1.510625054146695649e+06 -9.500632124114124499e-01 1.077258416874675787e-02
-9.501833680820636063e-01 4.072080000000000000e+05 1.510625054146695649e+06 -9.498559969343136622e-01 1.080730231508823455e-02
-9.501833680820636063e-01 4.072080000000000000e+05 1.510625054146695649e+06 -9.505035156471055569e-01 1.072851494693595129e-02
-9.501833680820636063e-01 4.072080000000000000e+05 1.510625054146695649e+06 -9.502121544754201787e-01 1.079064160303203242e-02
-9.501833680820636063e-01 4.072080000000000000e+05 1.510625054146695649e+06 -9.502948090401780457e-01 1.069015484836222801e-02
-9.501833680820636063e-01 4.072080000000000000e+05 1.510625054146695649e+06 -9.503921362046532373e-01 1.073125432737457967e-02
-9.501833680820636063e-01 4.072080000000000000e+05 1.510625054146695649e+06 -9.501750884060000679e-01 1.073473759165958705e-02
-9.501833680820636063e-01 4.072080000000000000e+05 1.510625054146695649e+06 -9.504743737834914219e-01 1.073670353896762249e-02
-9.501833680820636063e-01 4.072080000000000000e+05 1.510625054146695649e+06 -9.495535716381542368e-01 1.091194685562662560e-02
-9.501833680820636063e-01 4.072080000000000000e+05 1.510625054146695649e+06 -9.496497627738947900e-01 1.081363821617379282e-02
-9.501833680820636063e-01 4.072080000000000000e+05 1.510625054146695649e+06 -9.502426607523107860e-01 1.070283724587370658e-02
-9.501833680820636063e-01 4.072080000000000000e+05 1.510625054146695649e+06 -9.502490496248193752e-01 1.075483014077006742e-02
-9.501833680820636063e-01 4.072080000000000000e+05 1.510625054146695649e+06 -9.500408351496820725e-01 1.069507249669514673e-02
-9.501833680820636063e-01 4.072080000000000000e+05 1.510625054146695649e+06 -9.499966596914114492e-01 1.080877394544896807e-02
-9.501833680820636063e-01 4.072080000000000000e+05 1.510625054146695649e+06 -9.502453601098840297e-01 1.078327341627287675e-02
-9.501833680820636063e-01 4.072080000000000000e+05 1.510625054146695649e+06 -9.502439367586715813e-01 1.071236370405528882e-02
-9.501833680820636063e-01 4.072080000000000000e+05 1.510625054146695649e+06 -9.502002681666864570e-01 1.082594623870189975e-02
-9.501833680820636063e-01 4.072080000000000000e+05 1.510625054146695649e+06 -9.503125685144340196e-01 1.080911566624769005e-02
-9.501833680820636063e-01 4.072080000000000000e+05 1.510625054146695649e+06 -9.501095052150873022e-01 1.074611466914474761e-02
-9.501833680820636063e-01 4.072080000000000000e+05 1.510625054146695649e+06 -9.500103937045285551e-01 1.072225479276926741e-02
-9.501833680820636063e-01 4.072080000000000000e+05 1.510625054146695649e+06 -9.502377055451448618e-01 1.076153642540992814e-02
-9.501833680820636063e-01 4.072080000000000000e+05 1.510625054146695649e+06 -9.504847483340934655e-01 1.065713717601220190e-02
-9.501833680820636063e-01 4.072080000000000000e+05 1.510625054146695649e+06 -9.502648214171264263e-01 1.079732489116482473e-02
-9.501833680820636063e-01 4.072080000000000000e+05 1.510625054146695649e+06 -9.499469425935351818e-01 1.079498946160673857e-02
-9.501833680820636063e-01 4.072080000000000000e+05 1.510625054146695649e+06 -9.501295794769043512e-01 1.076150508298076743e-02
-9.501833680820636063e-01 4.072080000000000000e+05 1.510625054146695649e+06 -9.496300745555874556e-01 1.079147923814517858e-02
-9.501833680820636063e-01 4.072080000000000000e+05 1.510625054146695649e+06 -9.504131048496653467e-01 1.073215311694905930e-02
-9.501833680820636063e-01 4.072080000000000000e+05 1.510625054146695649e+06 -9.498009282716253221e-01 1.083280648825328193e-02
-9.501833680820636063e-01 4.072080000000000000e+05 1.510625054146695649e+06 -9.499632109379818612e-01 1.075326476185310166e-02
-9.501833680820636063e-01 4.072080000000000000e+05 1.510625054146695649e+06 -9.499845007947460562e-01 1.076928272348901851e-02
-9.501833680820636063e-01 4.072080000000000000e+05 1.510625054146695649e+06 -9.504904373185821820e-01 1.072909308511183109e-02
-9.501833680820636063e-01 4.072080000000000000e+05 1.510625054146695649e+06 -9.501835798894655571e-01 1.079273904153597169e-02
-9.501833680820636063e-01 4.072080000000000000e+05 1.510625054146695649e+06 -9.503136293973276638e-01 1.068452436339617159e-02
-9.501833680820636063e-01 4.072080000000000000e+05 1.510625054146695649e+06 -9.506775549586997665e-01 1.070391252027065414e-02
-9.501833680820636063e-01 4.072080000000000000e+05 1.510625054146695649e+06 -9.502962972231023819e-01 1.071840550174229904e-02
-9.501833680820636063e-01 4.072080000000000000e+05 1.510625054146695649e+06 -9.502623253954453064e-01 1.077459311437453833e-02
-9.501833680820636063e-01 4.072080000000000000e+05 1.510625054146695649e+06 -9.503493472614186199e-01 1.074234404053625927e-02
-9.501833680820636063e-01 4.072080000000000000e+05 1.510625054146695649e+06 -9.502114796360285887e-01 1.084824658218174094e-02
-9.501833680820636063e-01 4.072080000000000000e+05 1.510625054146695649e+06 -9.501268182344839719e-01 1.077849427823532845e-02
-9.501833680820636063e-01 4.072080000000000000e+05 1.510625054146695649e+06 -9.508274179279981864e-01 1.061525879545751651e-02
-9.501833680820636063e-01 4.072080000000000000e+05 1.510625054146695649e+06 -9.501003462594850291e-01 1.079952751039702126e-02
-9.501833680820636063e-01 4.072080000000000000e+05 1.510625054146695649e+06 -9.499933296979077291e-01 1.080802377515517436e-02
-9.501833680820636063e-01 4.072080000000000000e+05 1.510625054146695649e+06 -9.501913832725024101e-01 1.075787982172542526e-02
-9.501833680820636063e-01 4.072080000000000000e+05 1.510625054146695649e+06 -9.502100901741417083e-01 1.072538417961832816e-02
-9.501833680820636063e-01 4.072080000000000000e+05 1.510625054146695649e+06 -9.503981434540169637e-01 1.073431054224897527e-02
-9.501833680820636063e-01 4.072080000000000000e+05 1.510625054146695649e+06 -9.503425178278123164e-01 1.072552349431693183e-02
-9.501833680820636063e-01 4.072080000000000000e+05 1.510625054146695649e+06 -9.500742117041547363e-01 1.078938556548174679e-02
-9.501833680820636063e-01 4.072080000000000000e+05 1.510625054146695649e+06 -9.502864796360359634e-01 1.071823394929389411e-02
-9.501833680820636063e-01 4.072080000000000000e+05 1.510625054146695649e+06 -9.497697677836285379e-01 1.077110685629395145e-02
-9.501833680820636063e-01 4.072080000000000000e+05 1.510625054146695649e+06 -9.498190295859409993e-01 1.080463306653833312e-02
-9.501833680820636063e-01 4.072080000000000000e+05 1.510625054146695649e+06 -9.506021954372859684e-01 1.070794221141021380e-02
-9.501833680820636063e-01 4.072080000000000000e+05 1.510625054146695649e+06 -9.499536850936856069e-01 1.071822144263964889e-02
-9.501833680820636063e-01 4.072080000000000000e+05 1.510625054146695649e+06 -9.504104158062390839e-01 1.074958357353752308e-02
-9.501833680820636063e-01 4.072080000000000000e+05 1.510625054146695649e+06 -9.501993104252154376e-01 1.071471113519305296e-02
-9.501833680820636063e-01 4.072080000000000000e+05 1.510625054146695649e+06 -9.501836977653572713e-01 1.072045027271092445e-02
-9.501833680820636063e-01 4.072080000000000000e+05 1.510625054146695649e+06 -9.505264086158063952e-01 1.068721377430783409e-02
