# Energy,SamplesEBS,SamplesHoeffding,E_estim,Var_estim
-1.009009016872593367e+00 1.277988000000000000e+06 1.006141857585868984e+07 -1.009379869299152022e+00 4.074424250323908925e-02
-1.009009016872593367e+00 1.277988000000000000e+06 1.006141857585868984e+07 -1.009183899383956806e+00 4.037363647669285627e-02
-1.009009016872593367e+00 1.277988000000000000e+06 1.006141857585868984e+07 -1.009183645860454392e+00 4.071339067121313576e-02
-1.009009016872593367e+00 1.405788000000000000e+06 1.006141857585868984e+07 -1.009278702768232394e+00 4.086328605789196072e-02
-1.009009016872593367e+00 1.405788000000000000e+06 1.006141857585868984e+07 -1.009057764475995711e+00 4.081496472079144955e-02
-1.009009016872593367e+00 1.277988000000000000e+06 1.006141857585868984e+07 -1.009279596057191197e+00 4.054388642141044247e-02
-1.009009016872593367e+00 1.277988000000000000e+06 1.006141857585868984e+07 -1.008789260467170656e+00 4.062770881091779668e-02
-1.009009016872593367e+00 1.405788000000000000e+06 1.006141857585868984e+07 -1.008985055788746088e+00 4.179823880209692505e-02
-1.009009016872593367e+00 1.277988000000000000e+06 1.006141857585868984e+07 -1.009531643024743408e+00 3.997740956240913163e-02
-1.009009016872593367e+00 1.277988000000000000e+06 1.006141857585868984e+07 -1.009208352195737124e+00 4.012034345417891945e-02
-1.009009016872593367e+00 1.277988000000000000e+06 1.006141857585868984e+07 -1.009037770312364524e+00 4.034502780942411659e-02
-1.009009016872593367e+00 1.277988000000000000e+06 1.006141857585868984e+07 -1.009006579409131632e+00 4.075202488629904585e-02
-1.009009016872593367e+00 1.405788000000000000e+06 1.006141857585868984e+07 -1.008703097342693811e+00 4.154068213588383435e-02
-1.009009016872593367e+00 1.277988000000000000e+06 1.006141857585868984e+07 -1.009342330449040981e+00 4.067055762605639030e-02
-1.009009016872593367e+00 1.405788000000000000e+06 1.006141857585868984e+07 -1.008785536373280278e+00 4.128934447617008813e-02
-1.009009016872593367e+00 1.277988000000000000e+06 1.006141857585868984e+07 -1.009229332674414170e+00 4.070229472099554102e-02
-1.009009016872593367e+00 1.277988000000000000e+06 1.006141857585868984e+07 -1.009192683973474614e+00 4.067101117421376144e-02
-1.009009016872593367e+00 1.277988000000000000e+06 1.006141857585868984e+07 -1.009451334289443558e+00 4.080959462963579948e-02
-1.009009016872593367e+00 1.405788000000000000e+06 1.006141857585868984e+07 -1.008759242508198373e+00 4.157494669815324506e-02
-1.009009016872593367e+00 1.405788000000000000e+06 1.006141857585868984e+07 -1.008871889223077023e+00 4.173832128278876646e-02
-1.009009016872593367e+00 1.405788000000000000e+06 1.006141857585868984e+07 -1.008788869735085525e+00 4.135294925210226263e-02
-1.009009016872593367e+00 1.277988000000000000e+06 1.006141857585868984e+07 -1.009296251612629591e+00 4.056841563552173596e-02
-1.009009016872593367e+00 1.277988000000000000e+06 1.006141857585868984e+07 -1.009308763936685116e+00 4.046576503696247551e-02
-1.009009016872593367e+00 1.277988000000000000e+06 1.006141857585868984e+07 -1.009480744894243998e+00 4.039951678986302558e-02
-1.009009016872593367e+00 1.405788000000000000e+06 1.006141857585868984e+07 -1.009216242567947175e+00 4.174281859621702118e-02
-1.009009016872593367e+00 1.405788000000000000e+06 1.006141857585868984e+07 -1.009516623279709036e+00 4.099792777957680934e-02
-1.009009016872593367e+00 1.405788000000000000e+06 1.006141857585868984e+07 -1.008936316149511514e+00 4.132295913474602622e-02
-1.009009016872593367e+00 1.277988000000000000e+06 1.006141857585868984e+07 -1.009383341632257958e+00 3.983783479089098717e-02
-1.009009016872593367e+00 1.405788000000000000e+06 1.006141857585868984e+07 -1.009243914592481195e+00 4.142755170421435346e-02
-1.009009016872593367e+00 1.277988000000000000e+06 1.006141857585868984e+07 -1.009041289594185153e+00 4.083245427826381196e-02
-1.009009016872593367e+00 1.277988000000000000e+06 1.006141857585868984e+07 -1.009064079010063786e+00 4.056614682906982405e-02
-1.009009016872593367e+00 1.405788000000000000e+06 1.006141857585868984e+07 -1.008657941174070594e+00 4.113565752908122236e-02
-1.009009016872593367e+00 1.277988000000000000e+06 1.006141857585868984e+07 -1.009251699551111825e+00 4.082772021694917874e-02
-1.009009016872593367e+00 1.405788000000000000e+06 1.006141857585868984e+07 -1.008502360247148344e+00 4.250027763802331771e-02
-1.009009016872593367e+00 1.277988000000000000e+06 1.006141857585868984e+07 -1.009450019723097780e+00 4.061662906609112000e-02
-1.009009016872593367e+00 1.405788000000000000e+06 1.006141857585868984e+07 -1.008738456159218311e+00 4.145520885447875892e-02
-1.009009016872593367e+00 1.277988000000000000e+06 1.006141857585868984e+07 -1.009446415933393348e+00 4.018224907733081858e-02
-1.009009016872593367e+00 1.277988000000000000e+06 1.006141857585868984e+07 -1.008894291969819390e+00 4.093218789826236909e-02
-1.009009016872593367e+00 1.405788000000000000e+06 1.006141857585868984e+07 -1.009175237096302746e+00 4.106813980084280530e-02
-1.009009016872593367e+00 1.277988000000000000e+06 1.006141857585868984e+07 -1.009264019385095024e+00 4.005526401470246856e-02
-1.009009016872593367e+00 1.405788000000000000e+06 1.006141857585868984e+07 -1.009322779969052730e+00 4.113614973372136524e-02
-1.009009016872593367e+00 1.405788000000000000e+06 1.006141857585868984e+07 -1.008841094679374439e+00 4.152205272162168975e-02
-1.009009016872593367e+00 1.405788000000000000e+06 1.006141857585868984e+07 -1.009311395322104232e+00 4.125583691757539473e-02
-1.009009016872593367e+00 1.405788000000000000e+06 1.006141857585868984e+07 -1.009027109071325867e+00 4.180944045358549882e-02
-1.009009016872593367e+00 1.405788000000000000e+06 1.006141857585868984e+07 -1.009028917025257988e+00 4.102923163457251193e-02
-1.009009016872593367e+00 1.405788000000000000e+06 1.006141857585868984e+07 -1.009336042993052462e+00 4.115406918530585545e-02
-1.009009016872593367e+00 1.405788000000000000e+06 1.006141857585868984e+07 -1.008423298539433688e+00 4.182982027720318075e-02
-1.009009016872593367e+00 1.277988000000000000e+06 1.006141857585868984e+07 -1.009125849543087927e+00 4.082510703710182098e-02
-1.009009016872593367e+00 1.277988000000000000e+06 1.006141857585868984e+07 -1.009126919506239783e+00 4.077190891521736277e-02
-1.009009016872593367e+00 1.405788000000000000e+06 1.006141857585868984e+07 -1.008370555451566508e+00 4.243054029756210266e-02
-1.009009016872593367e+00 1.405788000000000000e+06 1.006141857585868984e+07 -1.008846582562376248e+00 4.079412977521569561e-02
-1.009009016872593367e+00 1.405788000000000000e+06 1.006141857585868984e+07 -1.008831039109155947e+00 4.140142191056665755e-02
-1.009009016872593367e+00 1.405788000000000000e+06 1.006141857585868984e+07 -1.009040273929727283e+00 4.124028670827129678e-02
-1.009009016872593367e+00 1.405788000000000000e+06 1.006141857585868984e+07 -1.008942315773890597e+00 4.100196886437247612e-02
-1.009009016872593367e+00 1.277988000000000000e+06 1.006141857585868984e+07 -1.009110337660389600e+00 4.063937390296896296e-02
-1.009009016872593367e+00 1.277988000000000000e+06 1.006141857585868984e+07 -1.009142186785738193e+00 4.064317837769037406e-02
-1.009009016872593367e+00 1.277988000000000000e+06 1.006141857585868984e+07 -1.009579998408382195e+00 3.967734135549501329e-02
-1.009009016872593367e+00 1.405788000000000000e+06 1.006141857585868984e+07 -1.009190407947092583e+00 4.116244974062024248e-02
-1.009009016872593367e+00 1.405788000000000000e+06 1.006141857585868984e+07 -1.008979312675302609e+00 4.102996937837034147e-02
-1.009009016872593367e+00 1.405788000000000000e+06 1.006141857585868984e+07 -1.008871473939953578e+00 4.134589988755008050e-02
-1.009009016872593367e+00 1.405788000000000000e+06 1.006141857585868984e+07 -1.009166337319096218e+00 4.121957827513628159e-02
-1.009009016872593367e+00 1.277988000000000000e+06 1.006141857585868984e+07 -1.009019854181682607e+00 4.043823608248221096e-02
-1.009009016872593367e+00 1.405788000000000000e+06 1.006141857585868984e+07 -1.009056955250113630e+00 4.086863150593030014e-02
-1.009009016872593367e+00 1.277988000000000000e+06 1.006141857585868984e+07 -1.009089805073182244e+00 4.086924839569332918e-02
-1.009009016872593367e+00 1.405788000000000000e+06 1.006141857585868984e+07 -1.009020952381971314e+00 4.124125192971662968e-02
-1.009009016872593367e+00 1.405788000000000000e+06 1.006141857585868984e+07 -1.008920595998210379e+00 4.114195705943118203e-02
-1.009009016872593367e+00 1.277988000000000000e+06 1.006141857585868984e+07 -1.009161172879502466e+00 4.039118825956121428e-02
-1.009009016872593367e+00 1.405788000000000000e+06 1.006141857585868984e+07 -1.008905560871974805e+00 4.134581498656469262e-02
-1.009009016872593367e+00 1.405788000000000000e+06 1.006141857585868984e+07 -1.008911706037562750e+00 4.117423921635432471e-02
-1.009009016872593367e+00 1.405788000000000000e+06 1.006141857585868984e+07 -1.008716496091267789e+00 4.178194568479272342e-02
-1.009009016872593367e+00 1.405788000000000000e+06 1.006141857585868984e+07 -1.008941151871495912e+00 4.144721821317829541e-02
-1.009009016872593367e+00 1.277988000000000000e+06 1.006141857585868984e+07 -1.009311668189290412e+00 4.080120357478850268e-02
-1.009009016872593367e+00 1.405788000000000000e+06 1.006141857585868984e+07 -1.008997267587392610e+00 4.135438456505317190e-02
-1.009009016872593367e+00 1.405788000000000000e+06 1.006141857585868984e+07 -1.009019487580739893e+00 4.107697557746754075e-02
-1.009009016872593367e+00 1.405788000000000000e+06 1.006141857585868984e+07 -1.008605422159781773e+00 4.237689713706563333e-02
-1.009009016872593367e+00 1.405788000000000000e+06 1.006141857585868984e+07 -1.008911782862835116e+00 4.118235187729796937e-02
-1.009009016872593367e+00 1.405788000000000000e+06 1.006141857585868984e+07 -1.009235369491765733e+00 4.120266369480247298e-02
-1.009009016872593367e+00 1.405788000000000000e+06 1.006141857585868984e+07 -1.008212360332518598e+00 4.258338409733179730e-02
-1.009009016872593367e+00 1.405788000000000000e+06 1.006141857585868984e+07 -1.008933657996207822e+00 4.153418925090204133e-02
-1.009009016872593367e+00 1.277988000000000000e+06 1.006141857585868984e+07 -1.009143310739916144e+00 4.086312884890203057e-02
-1.009009016872593367e+00 1.277988000000000000e+06 1.006141857585868984e+07 -1.009292976933976460e+00 4.035637872235207230e-02
-1.009009016872593367e+00 1.405788000000000000e+06 1.006141857585868984e+07 -1.008519695435678321e+00 4.180537770430028249e-02
-1.009009016872593367e+00 1.277988000000000000e+06 1.006141857585868984e+07 -1.009397869937677772e+00 4.054162609896069108e-02
-1.009009016872593367e+00 1.405788000000000000e+06 1.006141857585868984e+07 -1.008691559045260089e+00 4.177461117086857245e-02
-1.009009016872593367e+00 1.277988000000000000e+06 1.006141857585868984e+07 -1.009531105460999001e+00 4.079472037913067090e-02
-1.009009016872593367e+00 1.277988000000000000e+06 1.006141857585868984e+07 -1.008926775842915902e+00 4.059862062180060599e-02
-1.009009016872593367e+00 1.277988000000000000e+06 1.006141857585868984e+07 -1.009308828726018126e+00 4.065248121981460822e-02
-1.009009016872593367e+00 1.277988000000000000e+06 1.006141857585868984e+07 -1.008957894914449094e+00 4.085393439082176531e-02
-1.009009016872593367e+00 1.277988000000000000e+06 1.006141857585868984e+07 -1.009662164907568105e+00 3.977478630582260977e-02
-1.009009016872593367e+00 1.277988000000000000e+06 1.006141857585868984e+07 -1.009104013187847482e+00 4.084094062460540131e-02
-1.009009016872593367e+00 1.277988000000000000e+06 1.006141857585868984e+07 -1.009229989018585405e+00 4.059595381496110961e-02
-1.009009016872593367e+00 1.405788000000000000e+06 1.006141857585868984e+07 -1.008910156301773720e+00 4.173581103064164660e-02
-1.009009016872593367e+00 1.277988000000000000e+06 1.006141857585868984e+07 -1.009343432806807606e+00 4.087503521975026366e-02
-1.009009016872593367e+00 1.405788000000000000e+06 1.006141857585868984e+07 -1.008742687095880664e+00 4.225251262350137454e-02
-1.009009016872593367e+00 1.277988000000000000e+06 1.006141857585868984e+07 -1.009175571606248267e+00 4.033045510390611404e-02
-1.009009016872593367e+00 1.277988000000000000e+06 1.006141857585868984e+07 -1.009309623569155656e+00 4.080101285223375340e-02
-1.009009016872593367e+00 1.405788000000000000e+06 1.006141857585868984e+07 -1.008537496697373692e+00 4.203378533282015744e-02
-1.009009016872593367e+00 1.405788000000000000e+06 1.006141857585868984e+07 -1.009028686549562126e+00 4.105080201799807260e-02
-1.009009016872593367e+00 1.277988000000000000e+06 1.006141857585868984e+07 -1.009144190090878412e+00 4.088618930468745916e-02
-1.009009016872593367e+00 1.405788000000000000e+06 1.006141857585868984e+07 -1.008941740438211276e+00 4.173738375224225056e-02
