# Energy,SamplesEBS,SamplesHoeffding,E_estim,Var_estim
-9.469815432620154461e-01 3.059400000000000000e+05 1.503113255470758770e+06 -9.473269445001873956e-01 6.912247894977551106e-03
-9.469815432620154461e-01 3.059400000000000000e+05 1.503113255470758770e+06 -9.470123239863551534e-01 6.924730724082635465e-03
-9.469815432620154461e-01 3.059400000000000000e+05 1.503113255470758770e+06 -9.468936065907972432e-01 7.013471326758427028e-03
-9.469815432620154461e-01 3.059400000000000000e+05 1.503113255470758770e+06 -9.471346754278109348e-01 6.913002468947074437e-03
-9.469815432620154461e-01 3.059400000000000000e+05 1.503113255470758770e+06 -9.469203333999682837e-01 6.913650930060646037e-03
-9.469815432620154461e-01 3.059400000000000000e+05 1.503113255470758770e+06 -9.468848303601499206e-01 6.924025073520790469e-03
-9.469815432620154461e-01 3.059400000000000000e+05 1.503113255470758770e+06 -9.467247440687260873e-01 6.996935280408855991e-03
-9.469815432620154461e-01 3.059400000000000000e+05 1.503113255470758770e+06 -9.469560345178356098e-01 6.973819761287789777e-03
-9.469815432620154461e-01 3.059400000000000000e+05 1.503113255470758770e+06 -9.470217591697283055e-01 6.913848283238713081e-03
-9.469815432620154461e-01 3.059400000000000000e+05 1.503113255470758770e+06 -9.472476583656528337e-01 6.913077887906406496e-03
-9.469815432620154461e-01 3.059400000000000000e+05 1.503113255470758770e+06 -9.468788939020242879e-01 6.960627103729384937e-03
-9.469815432620154461e-01 3.059400000000000000e+05 1.503113255470758770e+06 -9.472904706817966147e-01 6.973056190582417949e-03
-9.469815432620154461e-01 3.059400000000000000e+05 1.503113255470758770e+06 -9.470216238490785088e-01 6.914268306171855553e-03
-9.469815432620154461e-01 3.059400000000000000e+05 1.503113255470758770e+06 -9.470210374595906533e-01 6.908050955061638930e-03
-9.469815432620154461e-01 3.059400000000000000e+05 1.503113255470758770e+06 -9.468114532273838035e-01 7.045089511199674644e-03
-9.469815432620154461e-01 3.059400000000000000e+05 1.503113255470758770e+06 -9.469358344786189541e-01 7.021687117215156398e-03
-9.469815432620154461e-01 3.059400000000000000e+05 1.503113255470758770e+06 -9.472718297718102365e-01 6.958389673879513543e-03
-9.469815432620154461e-01 3.059400000000000000e+05 1.503113255470758770e+06 -9.467123534038920374e-01 6.967049550958304485e-03
-9.469815432620154461e-01 3.059400000000000000e+05 1.503113255470758770e+06 -9.468562541687400858e-01 7.020665055365318818e-03
-9.469815432620154461e-01 3.059400000000000000e+05 1.503113255470758770e+06 -9.468493959612556132e-01 6.903955792592625894e-03
-9.469815432620154461e-01 3.059400000000000000e+05 1.503113255470758770e+06 -9.473143518349602665e-01 6.881227534243867204e-03
-9.469815432620154461e-01 3.059400000000000000e+05 1.503113255470758770e+06 -9.470918180048000234e-01 6.905755566272945602e-03
-9.469815432620154461e-01 3.059400000000000000e+05 1.503113255470758770e+06 -9.472145283401541827e-01 6.865756560025203063e-03
-9.469815432620154461e-01 3.059400000000000000e+05 1.503113255470758770e+06 -9.470453422252259612e-01 6.988218704807353139e-03
-9.469815432620154461e-01 3.059400000000000000e+05 1.503113255470758770e+06 -9.473002451473824248e-01 6.894631603309240263e-03
-9.469815432620154461e-01 3.059400000000000000e+05 1.503113255470758770e+06 -9.469324043942746183e-01 6.954066809014142203e-03
-9.469815432620154461e-01 3.059400000000000000e+05 1.503113255470758770e+06 -9.468025181420779424e-01 6.959391350702881333e-03
-9.469815432620154461e-01 3.059400000000000000e+05 1.503113255470758770e+06 -9.466291390481281764e-01 6.955698980872602501e-03
-9.469815432620154461e-01 3.059400000000000000e+05 1.503113255470758770e+06 -9.468234163574107409e-01 6.983729803996361826e-03
-9.469815432620154461e-01 3.059400000000000000e+05 1.503113255470758770e+06 -9.471772171026633380e-01 6.961737024938670880e-03
-9.469815432620154461e-01 3.059400000000000000e+05 1.503113255470758770e+06 -9.467921337529791037e-01 7.032935609583180515e-03
-9.469815432620154461e-01 3.059400000000000000e+05 1.503113255470758770e+06 -9.469000431469783985e-01 6.904803418348844438e-03
-9.469815432620154461e-01 3.059400000000000000e+05 1.503113255470758770e+06 -9.471789331254076849e-01 6.939969128741453087e-03
-9.469815432620154461e-01 3.059400000000000000e+05 1.503113255470758770e+06 -9.465276858220094125e-01 7.005855029289011389e-03
-9.469815432620154461e-01 3.059400000000000000e+05 1.503113255470758770e+06 -9.469908413427048366e-01 6.890685116796640627e-03
-9.469815432620154461e-01 3.059400000000000000e+05 1.503113255470758770e+06 -9.470755873713325723e-01 6.916205864955750175e-03
-9.469815432620154461e-01 3.059400000000000000e+05 1.503113255470758770e+06 -9.472689409700761898e-01 6.929448649463276939e-03
-9.469815432620154461e-01 3.059400000000000000e+05 1.503113255470758770e+06 -9.472293763495740482e-01 6.915689932577587240e-03
-9.469815432620154461e-01 3.059400000000000000e+05 1.503113255470758770e+06 -9.471737183774174840e-01 6.966113771658732044e-03
-9.469815432620154461e-01 3.059400000000000000e+05 1.503113255470758770e+06 -9.473414336157025550e-01 6.938202685713747153e-03
-9.469815432620154461e-01 3.059400000000000000e+05 1.503113255470758770e+06 -9.467573563456507246e-01 6.962622306859894174e-03
-9.469815432620154461e-01 3.059400000000000000e+05 1.503113255470758770e+06 -9.472219278302557166e-01 6.942218296364876216e-03
-9.469815432620154461e-01 3.059400000000000000e+05 1.503113255470758770e+06 -9.467257383813408866e-01 6.928165573715194293e-03
-9.469815432620154461e-01 3.059400000000000000e+05 1.503113255470758770e+06 -9.466734183185799845e-01 7.005993061143715381e-03
-9.469815432620154461e-01 3.059400000000000000e+05 1.503113255470758770e+06 -9.466671661122608716e-01 7.069534057198101872e-03
-9.469815432620154461e-01 3.059400000000000000e+05 1.503113255470758770e+06 -9.468344106700302687e-01 6.944453507938652681e-03
-9.469815432620154461e-01 3.059400000000000000e+05 1.503113255470758770e+06 -9.469890566790419850e-01 6.940063552959551199e-03
-9.469815432620154461e-01 3.059400000000000000e+05 1.503113255470758770e+06 -9.473777485794221409e-01 6.928392232783918241e-03
-9.469815432620154461e-01 3.059400000000000000e+05 1.503113255470758770e+06 -9.472811727802330495e-01 6.929046259050764683e-03
-9.469815432620154461e-01 3.059400000000000000e+05 1.503113255470758770e+06 -9.467869680342093641e-01 6.980859471072637344e-03
-9.469815432620154461e-01 3.059400000000000000e+05 1.503113255470758770e+06 -9.473554285166548850e-01 6.929031648523431564e-03
-9.469815432620154461e-01 3.059400000000000000e+05 1.503113255470758770e+06 -9.469734163574095032e-01 6.912791094359951004e-03
-9.469815432620154461e-01 3.059400000000000000e+05 1.503113255470758770e+06 -9.469100843315239047e-01 6.949437463686316922e-03
-9.469815432620154461e-01 3.059400000000000000e+05 1.503113255470758770e+06 -9.471179505798119624e-01 6.897617247273119499e-03
-9.469815432620154461e-01 3.059400000000000000e+05 1.503113255470758770e+06 -9.468448793893761151e-01 7.004379610272897135e-03
-9.469815432620154461e-01 3.059400000000000000e+05 1.503113255470758770e+06 -9.469475053944699239e-01 6.949326397546046023e-03
-9.469815432620154461e-01 3.059400000000000000e+05 1.503113255470758770e+06 -9.466335399110494819e-01 6.983589549221832192e-03
-9.469815432620154461e-01 3.059400000000000000e+05 1.503113255470758770e+06 -9.470565816839446871e-01 6.964562283924919696e-03
-9.469815432620154461e-01 3.059400000000000000e+05 1.503113255470758770e+06 -9.466678466378518619e-01 6.964763216437784045e-03
-9.469815432620154461e-01 3.059400000000000000e+05 1.503113255470758770e+06 -9.468104863711408470e-01 6.927617363044082273e-03
-9.469815432620154461e-01 3.059400000000000000e+05 1.503113255470758770e+06 -9.470275603072092485e-01 6.929006109287290729e-03
-9.469815432620154461e-01 3.059400000000000000e+05 1.503113255470758770e+06 -9.475924769575313489e-01 6.887325549655477080e-03
-9.469815432620154461e-01 3.059400000000000000e+05 1.503113255470758770e+06 -9.466346695443095260e-01 6.963509911475531007e-03
-9.469815432620154461e-01 3.059400000000000000e+05 1.503113255470758770e+06 -9.471838517369024490e-01 6.928909586160209369e-03
-9.469815432620154461e-01 3.059400000000000000e+05 1.503113255470758770e+06 -9.469812688775161025e-01 6.954544620557244483e-03
-9.469815432620154461e-01 3.059400000000000000e+05 1.503113255470758770e+06 -9.470607589736174114e-01 6.963004069124529086e-03
-9.469815432620154461e-01 3.059400000000000000e+05 1.503113255470758770e+06 -9.467257579930196121e-01 6.993770288970416887e-03
-9.469815432620154461e-01 3.059400000000000000e+05 1.503113255470758770e+06 -9.469589233195535583e-01 6.992439253275496529e-03
-9.469815432620154461e-01 3.059400000000000000e+05 1.503113255470758770e+06 -9.468879898031893338e-01 6.938713093185021330e-03
-9.469815432620154461e-01 3.059400000000000000e+05 1.503113255470758770e+06 -9.467180878616207051e-01 6.921943686005283675e-03
-9.469815432620154461e-01 3.059400000000000000e+05 1.503113255470758770e+06 -9.466133869398748457e-01 6.958794025869570292e-03
-9.469815432620154461e-01 3.059400000000000000e+05 1.503113255470758770e+06 -9.471071190442077459e-01 6.926403992111892019e-03
-9.469815432620154461e-01 3.059400000000000000e+05 1.503113255470758770e+06 -9.468959305758857248e-01 7.043010441278982695e-03
-9.469815432620154461e-01 3.059400000000000000e+05 1.503113255470758770e+06 -9.462037007268900846e-01 7.052463402105928550e-03
-9.469815432620154461e-01 3.059400000000000000e+05 1.503113255470758770e+06 -9.468653971379532575e-01 6.913122926224161448e-03
-9.469815432620154461e-01 3.059400000000000000e+05 1.503113255470758770e+06 -9.475301647394503979e-01 6.821110991549492707e-03
-9.469815432620154461e-01 3.059400000000000000e+05 1.503113255470758770e+06 -9.472658246727707620e-01 6.957264645977487977e-03
-9.469815432620154461e-01 3.059400000000000000e+05 1.503113255470758770e+06 -9.469485252022824540e-01 6.882431640123943054e-03
-9.469815432620154461e-01 3.059400000000000000e+05 1.503113255470758770e+06 -9.467876446374741128e-01 6.971939920495879087e-03
-9.469815432620154461e-01 3.059400000000000000e+05 1.503113255470758770e+06 -9.470052147492517003e-01 6.933489812478910684e-03
-9.469815432620154461e-01 3.059400000000000000e+05 1.503113255470758770e+06 -9.469381623860435582e-01 6.936074517298978365e-03
-9.469815432620154461e-01 3.059400000000000000e+05 1.503113255470758770e+06 -9.466950186323674910e-01 7.006735894933923889e-03
-9.469815432620154461e-01 3.059400000000000000e+05 1.503113255470758770e+06 -9.471313590912806557e-01 6.880539784795177381e-03
-9.469815432620154461e-01 3.059400000000000000e+05 1.503113255470758770e+06 -9.473727828998684819e-01 6.926987235962548881e-03
-9.469815432620154461e-01 3.059400000000000000e+05 1.503113255470758770e+06 -9.469064483244588049e-01 6.959201199066251259e-03
-9.469815432620154461e-01 3.059400000000000000e+05 1.503113255470758770e+06 -9.466739811740434440e-01 7.002511894033574928e-03
-9.469815432620154461e-01 3.059400000000000000e+05 1.503113255470758770e+06 -9.470673269281170148e-01 6.923321687536815316e-03
-9.469815432620154461e-01 3.059400000000000000e+05 1.503113255470758770e+06 -9.468938772320947272e-01 7.006621950567643899e-03
-9.469815432620154461e-01 3.059400000000000000e+05 1.503113255470758770e+06 -9.469283212407253458e-01 6.951918299283210700e-03
-9.469815432620154461e-01 3.059400000000000000e+05 1.503113255470758770e+06 -9.469903177106211434e-01 6.975892485312745750e-03
-9.469815432620154461e-01 3.059400000000000000e+05 1.503113255470758770e+06 -9.468326691520880800e-01 7.006186365030548507e-03
-9.469815432620154461e-01 3.059400000000000000e+05 1.503113255470758770e+06 -9.467503157494546739e-01 6.988363143978913901e-03
-9.469815432620154461e-01 3.059400000000000000e+05 1.503113255470758770e+06 -9.469398333019191094e-01 6.917331346935793983e-03
-9.469815432620154461e-01 3.059400000000000000e+05 1.503113255470758770e+06 -9.467578760553950756e-01 6.972331695387828931e-03
-9.469815432620154461e-01 3.059400000000000000e+05 1.503113255470758770e+06 -9.473097901562020917e-01 7.014925826939774449e-03
-9.469815432620154461e-01 3.059400000000000000e+05 1.503113255470758770e+06 -9.469456540510846621e-01 6.978844600985196177e-03
-9.469815432620154461e-01 3.059400000000000000e+05 1.503113255470758770e+06 -9.467645342236593597e-01 6.950530442222075701e-03
-9.469815432620154461e-01 3.059400000000000000e+05 1.503113255470758770e+06 -9.468831359102631851e-01 6.961407682730138234e-03
-9.469815432620154461e-01 3.059400000000000000e+05 1.503113255470758770e+06 -9.471778740942261576e-01 6.900627499339028782e-03
-9.469815432620154461e-01 3.059400000000000000e+05 1.503113255470758770e+06 -9.468460560906920565e-01 6.910739600150534248e-03
