# Energy,SamplesEBS,SamplesHoeffding,E_estim,Var_estim
-1.023580004837669311e+00 7.487880000000000000e+05 2.246359417625240516e+06 -1.023399269222021069e+00 4.799222124364199704e-02
-1.023580004837669311e+00 7.487880000000000000e+05 2.246359417625240516e+06 -1.023818296770541814e+00 4.764181858852202522e-02
-1.023580004837669311e+00 7.487880000000000000e+05 2.246359417625240516e+06 -1.023266585204650525e+00 4.808669249525809875e-02
-1.023580004837669311e+00 7.487880000000000000e+05 2.246359417625240516e+06 -1.022468795977247380e+00 4.818448912891015734e-02
-1.023580004837669311e+00 7.487880000000000000e+05 2.246359417625240516e+06 -1.023160153210541434e+00 4.817347572707730147e-02
-1.023580004837669311e+00 7.487880000000000000e+05 2.246359417625240516e+06 -1.023442221833448906e+00 4.790780239159198733e-02
-1.023580004837669311e+00 7.487880000000000000e+05 2.246359417625240516e+06 -1.024138175294234898e+00 4.734210523660467573e-02
-1.023580004837669311e+00 7.487880000000000000e+05 2.246359417625240516e+06 -1.023870692642261160e+00 4.789495979060771208e-02
-1.023580004837669311e+00 7.487880000000000000e+05 2.246359417625240516e+06 -1.023280032535508921e+00 4.794244393888495714e-02
-1.023580004837669311e+00 7.487880000000000000e+05 2.246359417625240516e+06 -1.023750916684317058e+00 4.755969349257962997e-02
-1.023580004837669311e+00 7.487880000000000000e+05 2.246359417625240516e+06 -1.023447891796101406e+00 4.798512160388120756e-02
-1.023580004837669311e+00 7.487880000000000000e+05 2.246359417625240516e+06 -1.023452730014652756e+00 4.786666513483754659e-02
-1.023580004837669311e+00 7.487880000000000000e+05 2.246359417625240516e+06 -1.023236003785059633e+00 4.766892644794813727e-02
-1.023580004837669311e+00 7.487880000000000000e+05 2.246359417625240516e+06 -1.023676097376313487e+00 4.772567337549642186e-02
-1.023580004837669311e+00 7.487880000000000000e+05 2.246359417625240516e+06 -1.023424602961337415e+00 4.805941138419426994e-02
-1.023580004837669311e+00 7.487880000000000000e+05 2.246359417625240516e+06 -1.023692660943047894e+00 4.791884477572179446e-02
-1.023580004837669311e+00 7.487880000000000000e+05 2.246359417625240516e+06 -1.024343921379922584e+00 4.745427353363424611e-02
-1.023580004837669311e+00 7.487880000000000000e+05 2.246359417625240516e+06 -1.023438019041726488e+00 4.777383544695271850e-02
-1.023580004837669311e+00 7.487880000000000000e+05 2.246359417625240516e+06 -1.023444254718591351e+00 4.817231643458817075e-02
-1.023580004837669311e+00 7.487880000000000000e+05 2.246359417625240516e+06 -1.023430752899646690e+00 4.776482148018660473e-02
-1.023580004837669311e+00 7.487880000000000000e+05 2.246359417625240516e+06 -1.023741674549022207e+00 4.769375194402747375e-02
-1.023580004837669311e+00 7.487880000000000000e+05 2.246359417625240516e+06 -1.023607386339279168e+00 4.787490313532909852e-02
-1.023580004837669311e+00 7.487880000000000000e+05 2.246359417625240516e+06 -1.023475956348418370e+00 4.791751341360715732e-02
-1.023580004837669311e+00 7.487880000000000000e+05 2.246359417625240516e+06 -1.024787416467994872e+00 4.748792605812431067e-02
-1.023580004837669311e+00 7.487880000000000000e+05 2.246359417625240516e+06 -1.023829941187917036e+00 4.780267725685026503e-02
-1.023580004837669311e+00 7.487880000000000000e+05 2.246359417625240516e+06 -1.023862121992102692e+00 4.750384500752832806e-02
-1.023580004837669311e+00 7.487880000000000000e+05 2.246359417625240516e+06 -1.024031930001838786e+00 4.763131392315783641e-02
-1.023580004837669311e+00 7.487880000000000000e+05 2.246359417625240516e+06 -1.023315521886327017e+00 4.793690208692115429e-02
-1.023580004837669311e+00 7.487880000000000000e+05 2.246359417625240516e+06 -1.024182631134873844e+00 4.742857825414239364e-02
-1.023580004837669311e+00 7.487880000000000000e+05 2.246359417625240516e+06 -1.023104654724984686e+00 4.805180279601752730e-02
-1.023580004837669311e+00 7.487880000000000000e+05 2.246359417625240516e+06 -1.022981570220421244e+00 4.798624568802618839e-02
-1.023580004837669311e+00 7.487880000000000000e+05 2.246359417625240516e+06 -1.023629778525061207e+00 4.796118799362134727e-02
-1.023580004837669311e+00 7.487880000000000000e+05 2.246359417625240516e+06 -1.023587195310572850e+00 4.771875252451455995e-02
-1.023580004837669311e+00 7.487880000000000000e+05 2.246359417625240516e+06 -1.023062690110159600e+00 4.810408587301501920e-02
-1.023580004837669311e+00 7.487880000000000000e+05 2.246359417625240516e+06 -1.023435853942919582e+00 4.803334071653340975e-02
-1.023580004837669311e+00 7.487880000000000000e+05 2.246359417625240516e+06 -1.023515401692102422e+00 4.775575418334790379e-02
-1.023580004837669311e+00 7.487880000000000000e+05 2.246359417625240516e+06 -1.023271191047679940e+00 4.779331041056938262e-02
-1.023580004837669311e+00 7.487880000000000000e+05 2.246359417625240516e+06 -1.023017457814774822e+00 4.812346651258835040e-02
-1.023580004837669311e+00 7.487880000000000000e+05 2.246359417625240516e+06 -1.023558236513159470e+00 4.787706802466907413e-02
-1.023580004837669311e+00 7.487880000000000000e+05 2.246359417625240516e+06 -1.023513855192948574e+00 4.782140179941852393e-02
-1.023580004837669311e+00 7.487880000000000000e+05 2.246359417625240516e+06 -1.023008843894684938e+00 4.791538153968658009e-02
-1.023580004837669311e+00 7.487880000000000000e+05 2.246359417625240516e+06 -1.023567497879529276e+00 4.784404589294588561e-02
-1.023580004837669311e+00 7.487880000000000000e+05 2.246359417625240516e+06 -1.023732696039756584e+00 4.767567556791624944e-02
-1.023580004837669311e+00 7.487880000000000000e+05 2.246359417625240516e+06 -1.023666785528379863e+00 4.775956245295505387e-02
-1.023580004837669311e+00 7.487880000000000000e+05 2.246359417625240516e+06 -1.023901790095754549e+00 4.759629510126536789e-02
-1.023580004837669311e+00 7.487880000000000000e+05 2.246359417625240516e+06 -1.024010540235992694e+00 4.785090074284613360e-02
-1.023580004837669311e+00 7.487880000000000000e+05 2.246359417625240516e+06 -1.024260456901306293e+00 4.738378802811608892e-02
-1.023580004837669311e+00 7.487880000000000000e+05 2.246359417625240516e+06 -1.024267009089645075e+00 4.757695207027164835e-02
-1.023580004837669311e+00 7.487880000000000000e+05 2.246359417625240516e+06 -1.023571415410259755e+00 4.772298989106445871e-02
-1.023580004837669311e+00 7.487880000000000000e+05 2.246359417625240516e+06 -1.022641394897083611e+00 4.823082494051595531e-02
-1.023580004837669311e+00 7.487880000000000000e+05 2.246359417625240516e+06 -1.022977427525825433e+00 4.815013522012331210e-02
-1.023580004837669311e+00 7.487880000000000000e+05 2.246359417625240516e+06 -1.023483813044803625e+00 4.759130158729650562e-02
-1.023580004837669311e+00 7.487880000000000000e+05 2.246359417625240516e+06 -1.023405915161854862e+00 4.792977274122802583e-02
-1.023580004837669311e+00 7.487880000000000000e+05 2.246359417625240516e+06 -1.023105417557727881e+00 4.785037650591689867e-02
-1.023580004837669311e+00 7.487880000000000000e+05 2.246359417625240516e+06 -1.023476541293698361e+00 4.799083265243554025e-02
-1.023580004837669311e+00 7.487880000000000000e+05 2.246359417625240516e+06 -1.023610426452099764e+00 4.771691794301317902e-02
-1.023580004837669311e+00 7.487880000000000000e+05 2.246359417625240516e+06 -1.023889479001024228e+00 4.777801408847016928e-02
-1.023580004837669311e+00 7.487880000000000000e+05 2.246359417625240516e+06 -1.023731183195007555e+00 4.776260159368216768e-02
-1.023580004837669311e+00 7.487880000000000000e+05 2.246359417625240516e+06 -1.022776814535233170e+00 4.813084525902260047e-02
-1.023580004837669311e+00 7.487880000000000000e+05 2.246359417625240516e+06 -1.023830151928470267e+00 4.754660870931880223e-02
-1.023580004837669311e+00 7.487880000000000000e+05 2.246359417625240516e+06 -1.023594514338118433e+00 4.798236825420786056e-02
-1.023580004837669311e+00 7.487880000000000000e+05 2.246359417625240516e+06 -1.023649806890892355e+00 4.757405790637048854e-02
-1.023580004837669311e+00 7.487880000000000000e+05 2.246359417625240516e+06 -1.023306881523486700e+00 4.787111079685202331e-02
-1.023580004837669311e+00 7.487880000000000000e+05 2.246359417625240516e+06 -1.023959616342973389e+00 4.753751473190160476e-02
-1.023580004837669311e+00 7.487880000000000000e+05 2.246359417625240516e+06 -1.024144497510947716e+00 4.736239174339611224e-02
-1.023580004837669311e+00 7.487880000000000000e+05 2.246359417625240516e+06 -1.022973910642545725e+00 4.800527898423938983e-02
-1.023580004837669311e+00 7.487880000000000000e+05 2.246359417625240516e+06 -1.023368195807375702e+00 4.793995901348919314e-02
-1.023580004837669311e+00 7.487880000000000000e+05 2.246359417625240516e+06 -1.023789127232564100e+00 4.748174635763361545e-02
-1.023580004837669311e+00 7.487880000000000000e+05 2.246359417625240516e+06 -1.023593795576593912e+00 4.763892735396085820e-02
-1.023580004837669311e+00 7.487880000000000000e+05 2.246359417625240516e+06 -1.024049536854514164e+00 4.764858744556679099e-02
-1.023580004837669311e+00 7.487880000000000000e+05 2.246359417625240516e+06 -1.023582656776294453e+00 4.770729027922994414e-02
-1.023580004837669311e+00 7.487880000000000000e+05 2.246359417625240516e+06 -1.024117163739557856e+00 4.784479142110396876e-02
-1.023580004837669311e+00 7.487880000000000000e+05 2.246359417625240516e+06 -1.023219211849290211e+00 4.792711539139499904e-02
-1.023580004837669311e+00 7.487880000000000000e+05 2.246359417625240516e+06 -1.023590235423403216e+00 4.784135944118169531e-02
-1.023580004837669311e+00 7.487880000000000000e+05 2.246359417625240516e+06 -1.023433938848137714e+00 4.789176438688318160e-02
-1.023580004837669311e+00 7.487880000000000000e+05 2.246359417625240516e+06 -1.023354835016345499e+00 4.804222391736590048e-02
-1.023580004837669311e+00 7.487880000000000000e+05 2.246359417625240516e+06 -1.024069241497209459e+00 4.760066407540568256e-02
-1.023580004837669311e+00 7.487880000000000000e+05 2.246359417625240516e+06 -1.023570837676651690e+00 4.789153677266446557e-02
-1.023580004837669311e+00 7.487880000000000000e+05 2.246359417625240516e+06 -1.022293883719024299e+00 4.823977019821246853e-02
-1.023580004837669311e+00 7.487880000000000000e+05 2.246359417625240516e+06 -1.024334329078755879e+00 4.762300848484381233e-02
-1.023580004837669311e+00 7.487880000000000000e+05 2.246359417625240516e+06 -1.023959817467986033e+00 4.764523580293448385e-02
-1.023580004837669311e+00 7.487880000000000000e+05 2.246359417625240516e+06 -1.023214019458389190e+00 4.789238340665114696e-02
-1.023580004837669311e+00 7.487880000000000000e+05 2.246359417625240516e+06 -1.024178483632510517e+00 4.743684949958332925e-02
-1.023580004837669311e+00 7.487880000000000000e+05 2.246359417625240516e+06 -1.023615089187081661e+00 4.789911421819736947e-02
-1.023580004837669311e+00 7.487880000000000000e+05 2.246359417625240516e+06 -1.023176688731940231e+00 4.791925829045379920e-02
-1.023580004837669311e+00 7.487880000000000000e+05 2.246359417625240516e+06 -1.023743983079600683e+00 4.760486476922076021e-02
-1.023580004837669311e+00 7.487880000000000000e+05 2.246359417625240516e+06 -1.023873348934822847e+00 4.754872207262651057e-02
-1.023580004837669311e+00 7.487880000000000000e+05 2.246359417625240516e+06 -1.023173950707299884e+00 4.796409825498434976e-02
-1.023580004837669311e+00 7.487880000000000000e+05 2.246359417625240516e+06 -1.024075570925584433e+00 4.773722988636019265e-02
-1.023580004837669311e+00 7.487880000000000000e+05 2.246359417625240516e+06 -1.022510025003351641e+00 4.822232477828167913e-02
-1.023580004837669311e+00 7.487880000000000000e+05 2.246359417625240516e+06 -1.023645004730594943e+00 4.774841718793201850e-02
-1.023580004837669311e+00 7.487880000000000000e+05 2.246359417625240516e+06 -1.023417736665394706e+00 4.790525047312552825e-02
-1.023580004837669311e+00 7.487880000000000000e+05 2.246359417625240516e+06 -1.022939394865037155e+00 4.797262524569035486e-02
-1.023580004837669311e+00 7.487880000000000000e+05 2.246359417625240516e+06 -1.024230045356250063e+00 4.767800611888847739e-02
-1.023580004837669311e+00 7.487880000000000000e+05 2.246359417625240516e+06 -1.023715093994842951e+00 4.760964610595112834e-02
-1.023580004837669311e+00 7.487880000000000000e+05 2.246359417625240516e+06 -1.024024920274122952e+00 4.750371454827186091e-02
-1.023580004837669311e+00 7.487880000000000000e+05 2.246359417625240516e+06 -1.023006089042838962e+00 4.809650979092403716e-02
-1.023580004837669311e+00 7.487880000000000000e+05 2.246359417625240516e+06 -1.023299727562679173e+00 4.775398644404504900e-02
-1.023580004837669311e+00 7.487880000000000000e+05 2.246359417625240516e+06 -1.023554834215052445e+00 4.802156367506160012e-02
-1.023580004837669311e+00 7.487880000000000000e+05 2.246359417625240516e+06 -1.023595451853149374e+00 4.782321881687145310e-02
