# Energy,SamplesEBS,SamplesHoeffding,E_estim,Var_estim
-9.668306578179779454e-01 5.100840000000000000e+05 1.530243355873131892e+06 -9.671774295994758353e-01 2.557856152036911551e-02
-9.668306578179779454e-01 5.100840000000000000e+05 1.530243355873131892e+06 -9.668111322837460442e-01 2.557876508677358121e-02
-9.668306578179779454e-01 5.100840000000000000e+05 1.530243355873131892e+06 -9.675267179519854155e-01 2.559450753413109597e-02
-9.668306578179779454e-01 5.100840000000000000e+05 1.530243355873131892e+06 -9.671713506007293404e-01 2.557302320480314348e-02
-9.668306578179779454e-01 5.100840000000000000e+05 1.530243355873131892e+06 -9.670989107672938179e-01 2.566941432265564677e-02
-9.668306578179779454e-01 5.100840000000000000e+05 1.530243355873131892e+06 -9.671051450345896638e-01 2.557764478123572896e-02
-9.668306578179779454e-01 5.100840000000000000e+05 1.530243355873131892e+06 -9.668577975388829016e-01 2.569688218184152523e-02
-9.668306578179779454e-01 5.100840000000000000e+05 1.530243355873131892e+06 -9.667530618482932381e-01 2.569018161089700603e-02
-9.668306578179779454e-01 5.100840000000000000e+05 1.530243355873131892e+06 -9.672809560774705551e-01 2.564257950028960703e-02
-9.668306578179779454e-01 5.100840000000000000e+05 1.530243355873131892e+06 -9.671891970730691623e-01 2.564160345637592209e-02
-9.668306578179779454e-01 5.100840000000000000e+05 1.530243355873131892e+06 -9.675582468766265043e-01 2.547515300550061076e-02
-9.668306578179779454e-01 5.100840000000000000e+05 1.530243355873131892e+06 -9.670472533932087389e-01 2.564364069158039244e-02
-9.668306578179779454e-01 5.100840000000000000e+05 1.530243355873131892e+06 -9.671648246167733332e-01 2.562088890084013998e-02
-9.668306578179779454e-01 5.100840000000000000e+05 1.530243355873131892e+06 -9.669523937230418698e-01 2.566150949634901299e-02
-9.668306578179779454e-01 5.100840000000000000e+05 1.530243355873131892e+06 -9.663727574278497823e-01 2.566879627948728121e-02
-9.668306578179779454e-01 5.100840000000000000e+05 1.530243355873131892e+06 -9.670869739098356677e-01 2.556614493974401423e-02
-9.668306578179779454e-01 5.100840000000000000e+05 1.530243355873131892e+06 -9.664817935865932519e-01 2.576681254200978086e-02
-9.668306578179779454e-01 5.100840000000000000e+05 1.530243355873131892e+06 -9.664180393814097991e-01 2.564353508201349177e-02
-9.668306578179779454e-01 5.100840000000000000e+05 1.530243355873131892e+06 -9.670899475377033871e-01 2.557522946484004286e-02
-9.668306578179779454e-01 5.100840000000000000e+05 1.530243355873131892e+06 -9.662392923515121801e-01 2.578989531718849093e-02
-9.668306578179779454e-01 5.100840000000000000e+05 1.530243355873131892e+06 -9.674528995220873506e-01 2.555135929070440418e-02
-9.668306578179779454e-01 5.100840000000000000e+05 1.530243355873131892e+06 -9.668544898483841799e-01 2.563967558071634026e-02
-9.668306578179779454e-01 5.100840000000000000e+05 1.530243355873131892e+06 -9.671372244567976173e-01 2.565228646579023261e-02
-9.668306578179779454e-01 5.100840000000000000e+05 1.530243355873131892e+06 -9.664127179049425420e-01 2.569678426613880573e-02
-9.668306578179779454e-01 5.100840000000000000e+05 1.530243355873131892e+06 -9.670529559833747069e-01 2.563538095187448129e-02
-9.668306578179779454e-01 5.100840000000000000e+05 1.530243355873131892e+06 -9.659789352338561397e-01 2.565967964661183126e-02
-9.668306578179779454e-01 5.100840000000000000e+05 1.530243355873131892e+06 -9.669869527368507578e-01 2.563674979912595672e-02
-9.668306578179779454e-01 5.100840000000000000e+05 1.530243355873131892e+06 -9.666025548729727523e-01 2.565130224546795581e-02
-9.668306578179779454e-01 5.100840000000000000e+05 1.530243355873131892e+06 -9.668399134256815408e-01 2.565075001036056304e-02
-9.668306578179779454e-01 5.100840000000000000e+05 1.530243355873131892e+06 -9.671919072149262053e-01 2.557222654698616121e-02
-9.668306578179779454e-01 5.100840000000000000e+05 1.530243355873131892e+06 -9.671818429902142578e-01 2.557045588539281003e-02
-9.668306578179779454e-01 5.100840000000000000e+05 1.530243355873131892e+06 -9.668267061892198422e-01 2.563641171068403030e-02
-9.668306578179779454e-01 5.100840000000000000e+05 1.530243355873131892e+06 -9.672234361395819491e-01 2.545396868715976355e-02
-9.668306578179779454e-01 5.100840000000000000e+05 1.530243355873131892e+06 -9.670957207044824644e-01 2.557971969655633074e-02
-9.668306578179779454e-01 5.100840000000000000e+05 1.530243355873131892e+06 -9.662781471283732326e-01 2.577803749500685165e-02
-9.668306578179779454e-01 5.100840000000000000e+05 1.530243355873131892e+06 -9.657876443876448613e-01 2.576673781907206154e-02
-9.668306578179779454e-01 5.100840000000000000e+05 1.530243355873131892e+06 -9.663425506383716002e-01 2.575425964649504310e-02
-9.668306578179779454e-01 5.100840000000000000e+05 1.530243355873131892e+06 -9.670078998749660482e-01 2.565006167508064941e-02
-9.668306578179779454e-01 5.100840000000000000e+05 1.530243355873131892e+06 -9.662891853103163786e-01 2.582605514226523138e-02
-9.668306578179779454e-01 5.100840000000000000e+05 1.530243355873131892e+06 -9.674054296935746811e-01 2.544439413003369774e-02
-9.668306578179779454e-01 5.100840000000000000e+05 1.530243355873131892e+06 -9.664411085229577258e-01 2.576345828478931663e-02
-9.668306578179779454e-01 5.100840000000000000e+05 1.530243355873131892e+06 -9.670512809651448105e-01 2.566516746958417972e-02
-9.668306578179779454e-01 5.100840000000000000e+05 1.530243355873131892e+06 -9.659864116495072706e-01 2.578288914657925202e-02
-9.668306578179779454e-01 5.100840000000000000e+05 1.530243355873131892e+06 -9.666711035825940046e-01 2.565853226738170831e-02
-9.668306578179779454e-01 5.100840000000000000e+05 1.530243355873131892e+06 -9.670768249931730454e-01 2.561417184047936474e-02
-9.668306578179779454e-01 5.100840000000000000e+05 1.530243355873131892e+06 -9.667115251602164117e-01 2.564275379566357052e-02
-9.668306578179779454e-01 5.100840000000000000e+05 1.530243355873131892e+06 -9.675430352644277532e-01 2.552368560253597332e-02
-9.668306578179779454e-01 5.100840000000000000e+05 1.530243355873131892e+06 -9.670071094169201409e-01 2.560439520432719954e-02
-9.668306578179779454e-01 5.100840000000000000e+05 1.530243355873131892e+06 -9.666151927914270470e-01 2.567904866188299579e-02
-9.668306578179779454e-01 5.100840000000000000e+05 1.530243355873131892e+06 -9.669622650383530305e-01 2.570836487177036167e-02
-9.668306578179779454e-01 5.100840000000000000e+05 1.530243355873131892e+06 -9.671053614695305223e-01 2.550241392456726805e-02
-9.668306578179779454e-01 5.100840000000000000e+05 1.530243355873131892e+06 -9.670955701410356431e-01 2.568711579586424251e-02
-9.668306578179779454e-01 5.100840000000000000e+05 1.530243355873131892e+06 -9.665517161875759600e-01 2.569273360730450761e-02
-9.668306578179779454e-01 5.100840000000000000e+05 1.530243355873131892e+06 -9.664455830800909863e-01 2.575269931759629691e-02
-9.668306578179779454e-01 5.100840000000000000e+05 1.530243355873131892e+06 -9.662855153265534902e-01 2.570712918093672264e-02
-9.668306578179779454e-01 5.100840000000000000e+05 1.530243355873131892e+06 -9.666712541460334984e-01 2.570521386333799244e-02
-9.668306578179779454e-01 5.100840000000000000e+05 1.530243355873131892e+06 -9.671523513770705627e-01 2.559102998964831593e-02
-9.668306578179779454e-01 5.100840000000000000e+05 1.530243355873131892e+06 -9.669902227864894950e-01 2.560470415490697163e-02
-9.668306578179779454e-01 5.100840000000000000e+05 1.530243355873131892e+06 -9.661841390826305664e-01 2.578722912164708655e-02
-9.668306578179779454e-01 5.100840000000000000e+05 1.530243355873131892e+06 -9.662894111554711785e-01 2.576534384830578978e-02
-9.668306578179779454e-01 5.100840000000000000e+05 1.530243355873131892e+06 -9.662796574678456096e-01 2.575702211342441317e-02
-9.668306578179779454e-01 5.100840000000000000e+05 1.530243355873131892e+06 -9.670498600227038777e-01 2.566981481121619058e-02
-9.668306578179779454e-01 5.100840000000000000e+05 1.530243355873131892e+06 -9.659073517299651135e-01 2.583050613402781970e-02
-9.668306578179779454e-01 5.100840000000000000e+05 1.530243355873131892e+06 -9.667161973318634249e-01 2.582291977246296139e-02
-9.668306578179779454e-01 5.100840000000000000e+05 1.530243355873131892e+06 -9.664690239251263471e-01 2.572098574094250356e-02
-9.668306578179779454e-01 5.100840000000000000e+05 1.530243355873131892e+06 -9.674147222806859236e-01 2.558926239777914100e-02
-9.668306578179779454e-01 5.100840000000000000e+05 1.530243355873131892e+06 -9.666446796994746515e-01 2.559388817127433019e-02
-9.668306578179779454e-01 5.100840000000000000e+05 1.530243355873131892e+06 -9.671923730205619352e-01 2.556810491809734243e-02
-9.668306578179779454e-01 5.100840000000000000e+05 1.530243355873131892e+06 -9.671112851997375470e-01 2.568203640448809416e-02
-9.668306578179779454e-01 5.100840000000000000e+05 1.530243355873131892e+06 -9.674919425032298959e-01 2.558302992984155463e-02
-9.668306578179779454e-01 5.100840000000000000e+05 1.530243355873131892e+06 -9.662081398354531725e-01 2.577328017746832386e-02
-9.668306578179779454e-01 5.100840000000000000e+05 1.530243355873131892e+06 -9.675761921562348045e-01 2.561059266555250694e-02
-9.668306578179779454e-01 5.100840000000000000e+05 1.530243355873131892e+06 -9.666193521063675131e-01 2.563224026868521008e-02
-9.668306578179779454e-01 5.100840000000000000e+05 1.530243355873131892e+06 -9.672742512994287889e-01 2.565028246497432288e-02
-9.668306578179779454e-01 5.100840000000000000e+05 1.530243355873131892e+06 -9.660221657605893020e-01 2.586671111283320862e-02
-9.668306578179779454e-01 5.100840000000000000e+05 1.530243355873131892e+06 -9.665068906294342899e-01 2.579683220316137879e-02
-9.668306578179779454e-01 5.100840000000000000e+05 1.530243355873131892e+06 -9.671840496855826919e-01 2.557586085658643260e-02
-9.668306578179779454e-01 5.100840000000000000e+05 1.530243355873131892e+06 -9.664159597239438959e-01 2.572380936799266091e-02
-9.668306578179779454e-01 5.100840000000000000e+05 1.530243355873131892e+06 -9.672393817485380740e-01 2.558768646285513454e-02
-9.668306578179779454e-01 5.100840000000000000e+05 1.530243355873131892e+06 -9.667492836470503725e-01 2.570691608428555056e-02
-9.668306578179779454e-01 5.100840000000000000e+05 1.530243355873131892e+06 -9.671984567244285014e-01 2.559844182344609212e-02
-9.668306578179779454e-01 5.100840000000000000e+05 1.530243355873131892e+06 -9.674965770340178128e-01 2.544490881123485926e-02
-9.668306578179779454e-01 5.100840000000000000e+05 1.530243355873131892e+06 -9.667651774998244907e-01 2.558903709400859108e-02
-9.668306578179779454e-01 5.100840000000000000e+05 1.530243355873131892e+06 -9.668697720371983717e-01 2.570439264893449940e-02
-9.668306578179779454e-01 5.100840000000000000e+05 1.530243355873131892e+06 -9.666225045283203254e-01 2.580176161367678592e-02
-9.668306578179779454e-01 5.100840000000000000e+05 1.530243355873131892e+06 -9.673755428514146937e-01 2.549563730782429538e-02
-9.668306578179779454e-01 5.100840000000000000e+05 1.530243355873131892e+06 -9.672443597521637182e-01 2.565775252719287511e-02
-9.668306578179779454e-01 5.100840000000000000e+05 1.530243355873131892e+06 -9.668844378569514397e-01 2.554112434791247499e-02
-9.668306578179779454e-01 5.100840000000000000e+05 1.530243355873131892e+06 -9.667501117459624815e-01 2.555068245883274428e-02
-9.668306578179779454e-01 5.100840000000000000e+05 1.530243355873131892e+06 -9.668480344410427252e-01 2.564579357309778457e-02
-9.668306578179779454e-01 5.100840000000000000e+05 1.530243355873131892e+06 -9.665741454345250228e-01 2.569864796499029061e-02
-9.668306578179779454e-01 5.100840000000000000e+05 1.530243355873131892e+06 -9.661729079912866336e-01 2.583054141003153850e-02
-9.668306578179779454e-01 5.100840000000000000e+05 1.530243355873131892e+06 -9.672697532167640055e-01 2.558269012102138210e-02
-9.668306578179779454e-01 5.100840000000000000e+05 1.530243355873131892e+06 -9.672704072266916642e-01 2.544916145989196965e-02
-9.668306578179779454e-01 5.100840000000000000e+05 1.530243355873131892e+06 -9.670045121976400537e-01 2.575671983425101633e-02
-9.668306578179779454e-01 5.100840000000000000e+05 1.530243355873131892e+06 -9.665544545600880388e-01 2.566929699174907292e-02
-9.668306578179779454e-01 5.100840000000000000e+05 1.530243355873131892e+06 -9.666734467260741370e-01 2.566960223821605422e-02
-9.668306578179779454e-01 5.100840000000000000e+05 1.530243355873131892e+06 -9.662546827577916941e-01 2.575951919013824004e-02
-9.668306578179779454e-01 5.100840000000000000e+05 1.530243355873131892e+06 -9.673963253107756843e-01 2.551470444355271455e-02
-9.668306578179779454e-01 5.100840000000000000e+05 1.530243355873131892e+06 -9.662707742250821186e-01 2.569837413688021155e-02
