# Energy,SamplesEBS,SamplesHoeffding,E_estim,Var_estim
-9.462192610724478037e-01 2.781300000000000000e+05 1.500488549320115941e+06 -9.460717225766959171e-01 5.976192622808111470e-03
-9.462192610724478037e-01 2.781300000000000000e+05 1.500488549320115941e+06 -9.462760047469128688e-01 5.950902247032706892e-03
-9.462192610724478037e-01 2.781300000000000000e+05 1.500488549320115941e+06 -9.465022004107892517e-01 5.902016995449527008e-03
-9.462192610724478037e-01 2.781300000000000000e+05 1.500488549320115941e+06 -9.462872570389956328e-01 5.935048893478091052e-03
-9.462192610724478037e-01 2.781300000000000000e+05 1.500488549320115941e+06 -9.458653586461484020e-01 5.971051168126332090e-03
-9.462192610724478037e-01 2.781300000000000000e+05 1.500488549320115941e+06 -9.459063078425626880e-01 6.010834023786023987e-03
-9.462192610724478037e-01 2.781300000000000000e+05 1.500488549320115941e+06 -9.459639132788689730e-01 6.012131450973119511e-03
-9.462192610724478037e-01 2.781300000000000000e+05 1.500488549320115941e+06 -9.463557782341217584e-01 5.959310717617440946e-03
-9.462192610724478037e-01 2.781300000000000000e+05 1.500488549320115941e+06 -9.464464157058033456e-01 5.938527785694374880e-03
-9.462192610724478037e-01 2.781300000000000000e+05 1.500488549320115941e+06 -9.461106331580643181e-01 5.994842253048072306e-03
-9.462192610724478037e-01 2.781300000000000000e+05 1.500488549320115941e+06 -9.463442282395075900e-01 5.951714104202678914e-03
-9.462192610724478037e-01 2.781300000000000000e+05 1.500488549320115941e+06 -9.464943846411930650e-01 5.982064910166721983e-03
-9.462192610724478037e-01 2.781300000000000000e+05 1.500488549320115941e+06 -9.465642541266857668e-01 6.008162662073549681e-03
-9.462192610724478037e-01 2.781300000000000000e+05 1.500488549320115941e+06 -9.462572710612102700e-01 5.952500298067899681e-03
-9.462192610724478037e-01 2.781300000000000000e+05 1.500488549320115941e+06 -9.462294013599825693e-01 6.003147247384598394e-03
-9.462192610724478037e-01 2.781300000000000000e+05 1.500488549320115941e+06 -9.465638226737727035e-01 5.896260423489043702e-03
-9.462192610724478037e-01 2.781300000000000000e+05 1.500488549320115941e+06 -9.461168460800926105e-01 5.945132516258372531e-03
-9.462192610724478037e-01 2.781300000000000000e+05 1.500488549320115941e+06 -9.462066400613206030e-01 5.932105543716223103e-03
-9.462192610724478037e-01 2.781300000000000000e+05 1.500488549320115941e+06 -9.467591414096169222e-01 5.868226522211032053e-03
-9.462192610724478037e-01 2.781300000000000000e+05 1.500488549320115941e+06 -9.467576593688422637e-01 5.849810830190125405e-03
-9.462192610724478037e-01 2.781300000000000000e+05 1.500488549320115941e+06 -9.460877941978730332e-01 5.992585329449280282e-03
-9.462192610724478037e-01 2.781300000000000000e+05 1.500488549320115941e+06 -9.462678869602522136e-01 5.979895671758494145e-03
-9.462192610724478037e-01 2.781300000000000000e+05 1.500488549320115941e+06 -9.458432876721502014e-01 6.021145980842451846e-03
-9.462192610724478037e-01 2.781300000000000000e+05 1.500488549320115941e+06 -9.462051644923461513e-01 5.978237615627792628e-03
-9.462192610724478037e-01 2.781300000000000000e+05 1.500488549320115941e+06 -9.462415359732996301e-01 5.953347335353438921e-03
-9.462192610724478037e-01 2.781300000000000000e+05 1.500488549320115941e+06 -9.462216977681385810e-01 5.932470837704773188e-03
-9.462192610724478037e-01 2.781300000000000000e+05 1.500488549320115941e+06 -9.463519641903190838e-01 5.907347728239190597e-03
-9.462192610724478037e-01 2.781300000000000000e+05 1.500488549320115941e+06 -9.460053564888991628e-01 5.977908360568690016e-03
-9.462192610724478037e-01 2.781300000000000000e+05 1.500488549320115941e+06 -9.462557911776969810e-01 5.993122780805731735e-03
-9.462192610724478037e-01 2.781300000000000000e+05 1.500488549320115941e+06 -9.461368956971710764e-01 5.948158766835815597e-03
-9.462192610724478037e-01 2.781300000000000000e+05 1.500488549320115941e+06 -9.463093733155562015e-01 5.930691472614171844e-03
-9.462192610724478037e-01 2.781300000000000000e+05 1.500488549320115941e+06 -9.464678999038379503e-01 5.949974513694522051e-03
-9.462192610724478037e-01 2.781300000000000000e+05 1.500488549320115941e+06 -9.465397173992539104e-01 5.944181569778482846e-03
-9.462192610724478037e-01 2.781300000000000000e+05 1.500488549320115941e+06 -9.462938129660830588e-01 5.923905847017197843e-03
-9.462192610724478037e-01 2.781300000000000000e+05 1.500488549320115941e+06 -9.464296623890086080e-01 5.913915727798056687e-03
-9.462192610724478037e-01 2.781300000000000000e+05 1.500488549320115941e+06 -9.461185805208151001e-01 5.928503850469676352e-03
-9.462192610724478037e-01 2.781300000000000000e+05 1.500488549320115941e+06 -9.464255635862935945e-01 5.934937008858939995e-03
-9.462192610724478037e-01 2.781300000000000000e+05 1.500488549320115941e+06 -9.465639089643511639e-01 5.919620792149592886e-03
-9.462192610724478037e-01 2.781300000000000000e+05 1.500488549320115941e+06 -9.463103074111288704e-01 5.939507901824406938e-03
-9.462192610724478037e-01 2.781300000000000000e+05 1.500488549320115941e+06 -9.463663941331597051e-01 5.963695437525512975e-03
-9.462192610724478037e-01 2.781300000000000000e+05 1.500488549320115941e+06 -9.465391219942309586e-01 5.921818848057125093e-03
-9.462192610724478037e-01 2.781300000000000000e+05 1.500488549320115941e+06 -9.456601919974627624e-01 6.059864546533601237e-03
-9.462192610724478037e-01 2.781300000000000000e+05 1.500488549320115941e+06 -9.464536878447320500e-01 5.910674716307222180e-03
-9.462192610724478037e-01 2.781300000000000000e+05 1.500488549320115941e+06 -9.462731312704553144e-01 5.912722522193044478e-03
-9.462192610724478037e-01 2.781300000000000000e+05 1.500488549320115941e+06 -9.466253629606811160e-01 5.855194921976680962e-03
-9.462192610724478037e-01 2.781300000000000000e+05 1.500488549320115941e+06 -9.464228540619614716e-01 5.914820158094820542e-03
-9.462192610724478037e-01 2.781300000000000000e+05 1.500488549320115941e+06 -9.459256347760257588e-01 5.961221780802178176e-03
-9.462192610724478037e-01 2.781300000000000000e+05 1.500488549320115941e+06 -9.461977629175372106e-01 6.006560447810112974e-03
-9.462192610724478037e-01 2.781300000000000000e+05 1.500488549320115941e+06 -9.464329651610933203e-01 5.957361771045732030e-03
-9.462192610724478037e-01 2.781300000000000000e+05 1.500488549320115941e+06 -9.464731442140501549e-01 5.901451156354414924e-03
-9.462192610724478037e-01 2.781300000000000000e+05 1.500488549320115941e+06 -9.460892740813815482e-01 5.960676688284356414e-03
-9.462192610724478037e-01 2.781300000000000000e+05 1.500488549320115941e+06 -9.459204357683569375e-01 6.010891881073007065e-03
-9.462192610724478037e-01 2.781300000000000000e+05 1.500488549320115941e+06 -9.458506849324183063e-01 5.964192376268809617e-03
-9.462192610724478037e-01 2.781300000000000000e+05 1.500488549320115941e+06 -9.460155970238879330e-01 5.989558049236945111e-03
-9.462192610724478037e-01 2.781300000000000000e+05 1.500488549320115941e+06 -9.459586646541373600e-01 5.953073239218263819e-03
-9.462192610724478037e-01 2.781300000000000000e+05 1.500488549320115941e+06 -9.459405630469664983e-01 5.963316872133316709e-03
-9.462192610724478037e-01 2.781300000000000000e+05 1.500488549320115941e+06 -9.461735691951841387e-01 5.991704306744234654e-03
-9.462192610724478037e-01 2.781300000000000000e+05 1.500488549320115941e+06 -9.462879387345891624e-01 6.017605249901282483e-03
-9.462192610724478037e-01 2.781300000000000000e+05 1.500488549320115941e+06 -9.460635551729495996e-01 5.937006997596988404e-03
-9.462192610724478037e-01 2.781300000000000000e+05 1.500488549320115941e+06 -9.458404508692092039e-01 6.011177719974865677e-03
-9.462192610724478037e-01 2.781300000000000000e+05 1.500488549320115941e+06 -9.457703721290582344e-01 6.068349491399564928e-03
-9.462192610724478037e-01 2.781300000000000000e+05 1.500488549320115941e+06 -9.467166799707230629e-01 5.919156120399260076e-03
-9.462192610724478037e-01 2.781300000000000000e+05 1.500488549320115941e+06 -9.461460727007322546e-01 5.943526209160610030e-03
-9.462192610724478037e-01 2.781300000000000000e+05 1.500488549320115941e+06 -9.463534030858029578e-01 5.882597944550354424e-03
-9.462192610724478037e-01 2.781300000000000000e+05 1.500488549320115941e+06 -9.459115909835416058e-01 5.995145997738365352e-03
-9.462192610724478037e-01 2.781300000000000000e+05 1.500488549320115941e+06 -9.461421054911460793e-01 6.030059078158643560e-03
-9.462192610724478037e-01 2.781300000000000000e+05 1.500488549320115941e+06 -9.455646445915707465e-01 6.050569587117072407e-03
-9.462192610724478037e-01 2.781300000000000000e+05 1.500488549320115941e+06 -9.462930104636486650e-01 5.934750696812398502e-03
-9.462192610724478037e-01 2.781300000000000000e+05 1.500488549320115941e+06 -9.461204508692190318e-01 6.017140814647389292e-03
-9.462192610724478037e-01 2.781300000000000000e+05 1.500488549320115941e+06 -9.464882860541978804e-01 5.944221322187259911e-03
-9.462192610724478037e-01 2.781300000000000000e+05 1.500488549320115941e+06 -9.462297357360093253e-01 5.924508970698902539e-03
-9.462192610724478037e-01 2.781300000000000000e+05 1.500488549320115941e+06 -9.462499083171718173e-01 5.930685557758386996e-03
-9.462192610724478037e-01 2.781300000000000000e+05 1.500488549320115941e+06 -9.463620343014351732e-01 5.917132871547888841e-03
-9.462192610724478037e-01 2.781300000000000000e+05 1.500488549320115941e+06 -9.461017063972061436e-01 5.953572297943457090e-03
-9.462192610724478037e-01 2.781300000000000000e+05 1.500488549320115941e+06 -9.457115327373998293e-01 5.980006472609973242e-03
-9.462192610724478037e-01 2.781300000000000000e+05 1.500488549320115941e+06 -9.461894229326429651e-01 5.882905396543211367e-03
-9.462192610724478037e-01 2.781300000000000000e+05 1.500488549320115941e+06 -9.461351655709722142e-01 5.994647513760376772e-03
-9.462192610724478037e-01 2.781300000000000000e+05 1.500488549320115941e+06 -9.464687865395846611e-01 5.936584598631052673e-03
-9.462192610724478037e-01 2.781300000000000000e+05 1.500488549320115941e+06 -9.466639003352941284e-01 5.964992353079417824e-03
-9.462192610724478037e-01 2.781300000000000000e+05 1.500488549320115941e+06 -9.463814086946908954e-01 5.956638700622692885e-03
-9.462192610724478037e-01 2.781300000000000000e+05 1.500488549320115941e+06 -9.461249681812595735e-01 5.956788138839414111e-03
-9.462192610724478037e-01 2.781300000000000000e+05 1.500488549320115941e+06 -9.460404681273302252e-01 6.039995718988268487e-03
-9.462192610724478037e-01 2.781300000000000000e+05 1.500488549320115941e+06 -9.463915133220214271e-01 5.909997996555766894e-03
-9.462192610724478037e-01 2.781300000000000000e+05 1.500488549320115941e+06 -9.466915952980790028e-01 5.885617593233160617e-03
-9.462192610724478037e-01 2.781300000000000000e+05 1.500488549320115941e+06 -9.467085168815266849e-01 5.948134593999278470e-03
-9.462192610724478037e-01 2.781300000000000000e+05 1.500488549320115941e+06 -9.464849401368260473e-01 5.886952551892642681e-03
-9.462192610724478037e-01 2.781300000000000000e+05 1.500488549320115941e+06 -9.458466292749982962e-01 6.008004857367158988e-03
-9.462192610724478037e-01 2.781300000000000000e+05 1.500488549320115941e+06 -9.463002394572845866e-01 5.924116387779876022e-03
-9.462192610724478037e-01 2.781300000000000000e+05 1.500488549320115941e+06 -9.463573853962339300e-01 6.005162414201640521e-03
-9.462192610724478037e-01 2.781300000000000000e+05 1.500488549320115941e+06 -9.461024269235785988e-01 5.954032036306465374e-03
-9.462192610724478037e-01 2.781300000000000000e+05 1.500488549320115941e+06 -9.465378125346192162e-01 5.901608876855399949e-03
-9.462192610724478037e-01 2.781300000000000000e+05 1.500488549320115941e+06 -9.462056304614921975e-01 5.999826090680520155e-03
-9.462192610724478037e-01 2.781300000000000000e+05 1.500488549320115941e+06 -9.458729716328825310e-01 5.975747642972254435e-03
-9.462192610724478037e-01 2.781300000000000000e+05 1.500488549320115941e+06 -9.462079085328884975e-01 5.946499685051689910e-03
-9.462192610724478037e-01 2.781300000000000000e+05 1.500488549320115941e+06 -9.462827310978846329e-01 5.946044363249329209e-03
-9.462192610724478037e-01 2.781300000000000000e+05 1.500488549320115941e+06 -9.463651256615875917e-01 5.975018916656214818e-03
-9.462192610724478037e-01 2.781300000000000000e+05 1.500488549320115941e+06 -9.465929673183629545e-01 5.971473420214853077e-03
-9.462192610724478037e-01 2.781300000000000000e+05 1.500488549320115941e+06 -9.459118002382175261e-01 5.954778639943686565e-03
-9.462192610724478037e-01 2.781300000000000000e+05 1.500488549320115941e+06 -9.462364210989694380e-01 5.988112251027611320e-03
-9.462192610724478037e-01 2.781300000000000000e+05 1.500488549320115941e+06 -9.462439887831499696e-01 5.934164648792887922e-03
