# Energy,SamplesEBS,SamplesHoeffding,E_estim,Var_estim
-1.119297681131063538e+00 1.319856000000000000e+06 3.959563471056974027e+06 -1.119184067352253953e+00 5.087587173662254381e-02
-1.119297681131063538e+00 1.319856000000000000e+06 3.959563471056974027e+06 -1.119240959922391365e+00 5.090361038380695341e-02
-1.119297681131063538e+00 1.319856000000000000e+06 3.959563471056974027e+06 -1.119305712440793465e+00 5.055671766347622637e-02
-1.119297681131063538e+00 1.319856000000000000e+06 3.959563471056974027e+06 -1.118869005709178799e+00 5.091978503370200859e-02
-1.119297681131063538e+00 1.319856000000000000e+06 3.959563471056974027e+06 -1.119487950503142093e+00 5.045659601374506698e-02
-1.119297681131063538e+00 1.319856000000000000e+06 3.959563471056974027e+06 -1.119294274829444991e+00 5.065809741152847712e-02
-1.119297681131063538e+00 1.319856000000000000e+06 3.959563471056974027e+06 -1.119466234497791701e+00 5.067467694794938748e-02
-1.119297681131063538e+00 1.319856000000000000e+06 3.959563471056974027e+06 -1.119374997271914696e+00 5.067427482826420554e-02
-1.119297681131063538e+00 1.319856000000000000e+06 3.959563471056974027e+06 -1.119499215368420675e+00 5.026163119358554449e-02
-1.119297681131063538e+00 1.319856000000000000e+06 3.959563471056974027e+06 -1.119952314797461046e+00 4.987520664783779561e-02
-1.119297681131063538e+00 1.319856000000000000e+06 3.959563471056974027e+06 -1.120243114702861087e+00 4.995077056186490033e-02
-1.119297681131063538e+00 1.319856000000000000e+06 3.959563471056974027e+06 -1.119185276575094701e+00 5.075744868748530148e-02
-1.119297681131063538e+00 1.319856000000000000e+06 3.959563471056974027e+06 -1.119645231297400567e+00 5.071905808145832362e-02
-1.119297681131063538e+00 1.319856000000000000e+06 3.959563471056974027e+06 -1.119370924100286713e+00 5.068119561510558979e-02
-1.119297681131063538e+00 1.319856000000000000e+06 3.959563471056974027e+06 -1.119510871185428247e+00 5.045838041946810321e-02
-1.119297681131063538e+00 1.319856000000000000e+06 3.959563471056974027e+06 -1.119835961195230878e+00 5.042917728967714897e-02
-1.119297681131063538e+00 1.319856000000000000e+06 3.959563471056974027e+06 -1.119437926864191857e+00 5.038469493910165825e-02
-1.119297681131063538e+00 1.319856000000000000e+06 3.959563471056974027e+06 -1.119342398261127469e+00 5.050902857876495011e-02
-1.119297681131063538e+00 1.319856000000000000e+06 3.959563471056974027e+06 -1.119167720114392139e+00 5.037315595340045166e-02
-1.119297681131063538e+00 1.319856000000000000e+06 3.959563471056974027e+06 -1.119974217186780363e+00 4.989179544235589764e-02
-1.119297681131063538e+00 1.319856000000000000e+06 3.959563471056974027e+06 -1.119723862602641784e+00 4.987578601880799517e-02
-1.119297681131063538e+00 1.319856000000000000e+06 3.959563471056974027e+06 -1.119219262100788148e+00 5.079005446616825792e-02
-1.119297681131063538e+00 1.319856000000000000e+06 3.959563471056974027e+06 -1.118866778193478462e+00 5.082903279326345114e-02
-1.119297681131063538e+00 1.319856000000000000e+06 3.959563471056974027e+06 -1.118972330617334254e+00 5.089510693758046017e-02
-1.119297681131063538e+00 1.319856000000000000e+06 3.959563471056974027e+06 -1.118547561551634484e+00 5.108886517885859180e-02
-1.119297681131063538e+00 1.319856000000000000e+06 3.959563471056974027e+06 -1.119737527729781412e+00 5.023948657573769350e-02
-1.119297681131063538e+00 1.319856000000000000e+06 3.959563471056974027e+06 -1.119391353601680406e+00 5.078609159453868760e-02
-1.119297681131063538e+00 1.319856000000000000e+06 3.959563471056974027e+06 -1.119335565697531454e+00 5.072648617099656532e-02
-1.119297681131063538e+00 1.319856000000000000e+06 3.959563471056974027e+06 -1.119022026947873671e+00 5.089274037986492999e-02
-1.119297681131063538e+00 1.319856000000000000e+06 3.959563471056974027e+06 -1.119349271738210749e+00 5.070692774387527274e-02
-1.119297681131063538e+00 1.319856000000000000e+06 3.959563471056974027e+06 -1.118999251736077172e+00 5.083207818160013353e-02
-1.119297681131063538e+00 1.319856000000000000e+06 3.959563471056974027e+06 -1.119523845328046496e+00 5.073873317747621542e-02
-1.119297681131063538e+00 1.319856000000000000e+06 3.959563471056974027e+06 -1.119249206276510034e+00 5.101661745067719717e-02
-1.119297681131063538e+00 1.319856000000000000e+06 3.959563471056974027e+06 -1.119271204130827480e+00 5.054381739309743438e-02
-1.119297681131063538e+00 1.319856000000000000e+06 3.959563471056974027e+06 -1.119191622721933843e+00 5.081364937641804497e-02
-1.119297681131063538e+00 1.319856000000000000e+06 3.959563471056974027e+06 -1.119360441138508966e+00 5.059295965122825867e-02
-1.119297681131063538e+00 1.319856000000000000e+06 3.959563471056974027e+06 -1.119178103065277208e+00 5.032803378906811065e-02
-1.119297681131063538e+00 1.319856000000000000e+06 3.959563471056974027e+06 -1.119566986397973807e+00 5.027063464835294926e-02
-1.119297681131063538e+00 1.319856000000000000e+06 3.959563471056974027e+06 -1.119952405716483135e+00 5.018170517110781548e-02
-1.119297681131063538e+00 1.319856000000000000e+06 3.959563471056974027e+06 -1.119069968541470228e+00 5.091449475985417028e-02
-1.119297681131063538e+00 1.319856000000000000e+06 3.959563471056974027e+06 -1.119412396806394261e+00 5.042165515793221864e-02
-1.119297681131063538e+00 1.319856000000000000e+06 3.959563471056974027e+06 -1.119210692984124345e+00 5.094598945195360357e-02
-1.119297681131063538e+00 1.319856000000000000e+06 3.959563471056974027e+06 -1.119390762628100999e+00 5.055686225615962232e-02
-1.119297681131063538e+00 1.319856000000000000e+06 3.959563471056974027e+06 -1.119117623740279788e+00 5.101049696860256860e-02
-1.119297681131063538e+00 1.319856000000000000e+06 3.959563471056974027e+06 -1.119801148306543315e+00 5.032450951796881705e-02
-1.119297681131063538e+00 1.319856000000000000e+06 3.959563471056974027e+06 -1.118640539876531781e+00 5.104122970200376808e-02
-1.119297681131063538e+00 1.319856000000000000e+06 3.959563471056974027e+06 -1.119291024474868390e+00 5.087916837847460128e-02
-1.119297681131063538e+00 1.319856000000000000e+06 3.959563471056974027e+06 -1.118982177146054413e+00 5.065126897988084936e-02
-1.119297681131063538e+00 1.319856000000000000e+06 3.959563471056974027e+06 -1.119994392114984860e+00 5.021896279377684180e-02
-1.119297681131063538e+00 1.319856000000000000e+06 3.959563471056974027e+06 -1.118936094846154417e+00 5.141719489400783244e-02
-1.119297681131063538e+00 1.319856000000000000e+06 3.959563471056974027e+06 -1.119586324871285843e+00 5.061018632121556254e-02
-1.119297681131063538e+00 1.319856000000000000e+06 3.959563471056974027e+06 -1.119346448702953856e+00 5.064969693972983661e-02
-1.119297681131063538e+00 1.319856000000000000e+06 3.959563471056974027e+06 -1.119211393060527415e+00 5.080764516451567042e-02
-1.119297681131063538e+00 1.319856000000000000e+06 3.959563471056974027e+06 -1.119580883368552549e+00 5.029948314539905985e-02
-1.119297681131063538e+00 1.319856000000000000e+06 3.959563471056974027e+06 -1.119105408771349897e+00 5.108971231616497854e-02
-1.119297681131063538e+00 1.319856000000000000e+06 3.959563471056974027e+06 -1.118941313597326515e+00 5.078243681929055231e-02
-1.119297681131063538e+00 1.319856000000000000e+06 3.959563471056974027e+06 -1.118706583444930569e+00 5.129237148548798642e-02
-1.119297681131063538e+00 1.319856000000000000e+06 3.959563471056974027e+06 -1.119458856420189496e+00 5.047057645958692024e-02
-1.119297681131063538e+00 1.319856000000000000e+06 3.959563471056974027e+06 -1.119178175800451314e+00 5.074486811425136384e-02
-1.119297681131063538e+00 1.319856000000000000e+06 3.959563471056974027e+06 -1.118962324980381284e+00 5.082982198256055795e-02
-1.119297681131063538e+00 1.319856000000000000e+06 3.959563471056974027e+06 -1.118840616248521380e+00 5.112365152150798869e-02
-1.119297681131063538e+00 1.319856000000000000e+06 3.959563471056974027e+06 -1.119084074625787073e+00 5.097266030285264177e-02
-1.119297681131063538e+00 1.319856000000000000e+06 3.959563471056974027e+06 -1.119912874131179459e+00 5.054157410048137206e-02
-1.119297681131063538e+00 1.319856000000000000e+06 3.959563471056974027e+06 -1.119000938283612800e+00 5.085347941369013081e-02
-1.119297681131063538e+00 1.319856000000000000e+06 3.959563471056974027e+06 -1.118619605774670900e+00 5.090460659157117207e-02
-1.119297681131063538e+00 1.319856000000000000e+06 3.959563471056974027e+06 -1.119312008582203255e+00 5.081572382759784456e-02
-1.119297681131063538e+00 1.319856000000000000e+06 3.959563471056974027e+06 -1.119009161908022243e+00 5.102927602253539557e-02
-1.119297681131063538e+00 1.319856000000000000e+06 3.959563471056974027e+06 -1.119330224205767443e+00 5.056168149185408245e-02
-1.119297681131063538e+00 1.319856000000000000e+06 3.959563471056974027e+06 -1.119400950103133230e+00 5.052214881112281064e-02
-1.119297681131063538e+00 1.319856000000000000e+06 3.959563471056974027e+06 -1.118771081390184552e+00 5.122622447043989613e-02
-1.119297681131063538e+00 1.319856000000000000e+06 3.959563471056974027e+06 -1.119386112120817067e+00 5.088648908434106194e-02
-1.119297681131063538e+00 1.319856000000000000e+06 3.959563471056974027e+06 -1.119563899697566756e+00 5.084824416701132221e-02
-1.119297681131063538e+00 1.319856000000000000e+06 3.959563471056974027e+06 -1.119475358220382688e+00 5.047590265637393742e-02
-1.119297681131063538e+00 1.319856000000000000e+06 3.959563471056974027e+06 -1.119630329671795321e+00 5.052832345368767075e-02
-1.119297681131063538e+00 1.319856000000000000e+06 3.959563471056974027e+06 -1.119147472451023528e+00 5.077985072017046630e-02
-1.119297681131063538e+00 1.319856000000000000e+06 3.959563471056974027e+06 -1.119378834054068017e+00 5.053670237572384372e-02
-1.119297681131063538e+00 1.319856000000000000e+06 3.959563471056974027e+06 -1.118775531875687790e+00 5.061657603716430975e-02
-1.119297681131063538e+00 1.319856000000000000e+06 3.959563471056974027e+06 -1.119095048550218463e+00 5.088688374499552441e-02
-1.119297681131063538e+00 1.319856000000000000e+06 3.959563471056974027e+06 -1.119485163835540753e+00 5.040489385654777638e-02
-1.119297681131063538e+00 1.319856000000000000e+06 3.959563471056974027e+06 -1.119021399606712208e+00 5.053814967131989994e-02
-1.119297681131063538e+00 1.319856000000000000e+06 3.959563471056974027e+06 -1.119280205112734183e+00 5.024771276421702293e-02
-1.119297681131063538e+00 1.319856000000000000e+06 3.959563471056974027e+06 -1.119374501763314766e+00 5.055662889267240750e-02
-1.119297681131063538e+00 1.319856000000000000e+06 3.959563471056974027e+06 -1.119335961195240925e+00 5.076601148712099609e-02
-1.119297681131063538e+00 1.319856000000000000e+06 3.959563471056974027e+06 -1.119460183837724943e+00 5.043981660333105715e-02
-1.119297681131063538e+00 1.319856000000000000e+06 3.959563471056974027e+06 -1.119150904643595679e+00 5.083621941907087022e-02
-1.119297681131063538e+00 1.319856000000000000e+06 3.959563471056974027e+06 -1.119156932573970087e+00 5.076324373135944479e-02
-1.119297681131063538e+00 1.319856000000000000e+06 3.959563471056974027e+06 -1.119205724260277535e+00 5.098589023519452257e-02
-1.119297681131063538e+00 1.319856000000000000e+06 3.959563471056974027e+06 -1.119419770338066833e+00 5.058940660218385482e-02
-1.119297681131063538e+00 1.319856000000000000e+06 3.959563471056974027e+06 -1.119581560715184221e+00 5.039544610489190418e-02
-1.119297681131063538e+00 1.319856000000000000e+06 3.959563471056974027e+06 -1.119134748335647300e+00 5.070712795211654994e-02
-1.119297681131063538e+00 1.319856000000000000e+06 3.959563471056974027e+06 -1.119137412262620757e+00 5.095405978458845270e-02
-1.119297681131063538e+00 1.319856000000000000e+06 3.959563471056974027e+06 -1.119706424336640804e+00 5.059821098786576599e-02
-1.119297681131063538e+00 1.319856000000000000e+06 3.959563471056974027e+06 -1.119901268319650534e+00 5.035967003891780869e-02
-1.119297681131063538e+00 1.319856000000000000e+06 3.959563471056974027e+06 -1.119276736552555995e+00 5.072531884556091830e-02
-1.119297681131063538e+00 1.319856000000000000e+06 3.959563471056974027e+06 -1.119403554932723033e+00 5.083194065348099061e-02
-1.119297681131063538e+00 1.319856000000000000e+06 3.959563471056974027e+06 -1.119760325671367296e+00 5.023550925219519292e-02
-1.119297681131063538e+00 1.319856000000000000e+06 3.959563471056974027e+06 -1.119559162817248099e+00 5.043874882153399214e-02
-1.119297681131063538e+00 1.319856000000000000e+06 3.959563471056974027e+06 -1.119039578862642381e+00 5.065488787783393315e-02
-1.119297681131063538e+00 1.319856000000000000e+06 3.959563471056974027e+06 -1.119284932901231766e+00 5.068182900105459160e-02
-1.119297681131063538e+00 1.319856000000000000e+06 3.959563471056974027e+06 -1.119002997599249483e+00 5.069131860313279975e-02
