# Energy,SamplesEBS,SamplesHoeffding,E_estim,Var_estim
-8.005102614889511026e-01 1.277988000000000000e+06 1.278781272874872386e+07 -8.008755410899305316e-01 3.855977330473953080e-02
-8.005102614889511026e-01 1.277988000000000000e+06 1.278781272874872386e+07 -8.004028746799161098e-01 3.866415318837070070e-02
-8.005102614889511026e-01 1.405788000000000000e+06 1.278781272874872386e+07 -8.003319964370547712e-01 4.015099159023263753e-02
-8.005102614889511026e-01 1.405788000000000000e+06 1.278781272874872386e+07 -8.007730556863901228e-01 3.909963188126459183e-02
-8.005102614889511026e-01 1.405788000000000000e+06 1.278781272874872386e+07 -8.007844232610143997e-01 3.906360467487218074e-02
-8.005102614889511026e-01 1.405788000000000000e+06 1.278781272874872386e+07 -8.003713736404453050e-01 3.973075880032938406e-02
-8.005102614889511026e-01 1.405788000000000000e+06 1.278781272874872386e+07 -8.006189865095278968e-01 3.927227327341838853e-02
-8.005102614889511026e-01 1.405788000000000000e+06 1.278781272874872386e+07 -8.006658345406685307e-01 3.926804033149700057e-02
-8.005102614889511026e-01 1.405788000000000000e+06 1.278781272874872386e+07 -8.007160155067877261e-01 3.905902091419492100e-02
-8.005102614889511026e-01 1.405788000000000000e+06 1.278781272874872386e+07 -7.999398176732570587e-01 4.082135858604068329e-02
-8.005102614889511026e-01 1.405788000000000000e+06 1.278781272874872386e+07 -8.001954946316620632e-01 3.993818989056332341e-02
-8.005102614889511026e-01 1.405788000000000000e+06 1.278781272874872386e+07 -8.002244978668572317e-01 4.004185397653520218e-02
-8.005102614889511026e-01 1.405788000000000000e+06 1.278781272874872386e+07 -8.004139087879938996e-01 3.949457315282608322e-02
-8.005102614889511026e-01 1.405788000000000000e+06 1.278781272874872386e+07 -8.002180343033612475e-01 4.025763291728526316e-02
-8.005102614889511026e-01 1.405788000000000000e+06 1.278781272874872386e+07 -8.004575147940202751e-01 3.965420945214451903e-02
-8.005102614889511026e-01 1.405788000000000000e+06 1.278781272874872386e+07 -8.003686113462744611e-01 3.986539454043859509e-02
-8.005102614889511026e-01 1.405788000000000000e+06 1.278781272874872386e+07 -8.000934139480893048e-01 4.059032781099709136e-02
-8.005102614889511026e-01 1.405788000000000000e+06 1.278781272874872386e+07 -8.002856008212166916e-01 3.980590285104027709e-02
-8.005102614889511026e-01 1.405788000000000000e+06 1.278781272874872386e+07 -8.004389947895814705e-01 3.985607048068470770e-02
-8.005102614889511026e-01 1.405788000000000000e+06 1.278781272874872386e+07 -8.001369380071906567e-01 3.989808989963524594e-02
-8.005102614889511026e-01 1.405788000000000000e+06 1.278781272874872386e+07 -8.005436149741316232e-01 3.924820265484139925e-02
-8.005102614889511026e-01 1.405788000000000000e+06 1.278781272874872386e+07 -8.004489935945213741e-01 3.916896782363311902e-02
-8.005102614889511026e-01 1.405788000000000000e+06 1.278781272874872386e+07 -8.006952970200736930e-01 3.949558268559349300e-02
-8.005102614889511026e-01 1.277988000000000000e+06 1.278781272874872386e+07 -8.006380111600730487e-01 3.816793095520060186e-02
-8.005102614889511026e-01 1.405788000000000000e+06 1.278781272874872386e+07 -8.004722221325375475e-01 3.954072867372993016e-02
-8.005102614889511026e-01 1.405788000000000000e+06 1.278781272874872386e+07 -8.005252473397518331e-01 3.975865839230873638e-02
-8.005102614889511026e-01 1.405788000000000000e+06 1.278781272874872386e+07 -7.999803771317247625e-01 4.056586256149566361e-02
-8.005102614889511026e-01 1.277988000000000000e+06 1.278781272874872386e+07 -8.008182386739470804e-01 3.831031804066399593e-02
-8.005102614889511026e-01 1.405788000000000000e+06 1.278781272874872386e+07 -8.004088797224435670e-01 3.923903082732665276e-02
-8.005102614889511026e-01 1.277988000000000000e+06 1.278781272874872386e+07 -8.009468483322546017e-01 3.854780819952994403e-02
-8.005102614889511026e-01 1.405788000000000000e+06 1.278781272874872386e+07 -8.003270446235524194e-01 3.929122573109766065e-02
-8.005102614889511026e-01 1.405788000000000000e+06 1.278781272874872386e+07 -8.002741786153081405e-01 3.961205063102758717e-02
-8.005102614889511026e-01 1.405788000000000000e+06 1.278781272874872386e+07 -8.006644499791262248e-01 3.942572808208967550e-02
-8.005102614889511026e-01 1.405788000000000000e+06 1.278781272874872386e+07 -8.004833942296111227e-01 3.989239024749267892e-02
-8.005102614889511026e-01 1.405788000000000000e+06 1.278781272874872386e+07 -8.007058528080009951e-01 3.846813248521135931e-02
-8.005102614889511026e-01 1.405788000000000000e+06 1.278781272874872386e+07 -8.004844446013599235e-01 4.002994995561931502e-02
-8.005102614889511026e-01 1.405788000000000000e+06 1.278781272874872386e+07 -8.004663018942104191e-01 3.948759518799715984e-02
-8.005102614889511026e-01 1.405788000000000000e+06 1.278781272874872386e+07 -8.004007610018391006e-01 3.917213104606050850e-02
-8.005102614889511026e-01 1.405788000000000000e+06 1.278781272874872386e+07 -8.008998881817589455e-01 3.883443571227600255e-02
-8.005102614889511026e-01 1.405788000000000000e+06 1.278781272874872386e+07 -8.000227304595400879e-01 4.082545823905243954e-02
-8.005102614889511026e-01 1.405788000000000000e+06 1.278781272874872386e+07 -7.999318103492528698e-01 4.078177235768389725e-02
-8.005102614889511026e-01 1.405788000000000000e+06 1.278781272874872386e+07 -8.003023316511844731e-01 4.027421900509417507e-02
-8.005102614889511026e-01 1.405788000000000000e+06 1.278781272874872386e+07 -8.007256779879022845e-01 3.943719193800027806e-02
-8.005102614889511026e-01 1.405788000000000000e+06 1.278781272874872386e+07 -8.004871795798910172e-01 3.953289615343569263e-02
-8.005102614889511026e-01 1.405788000000000000e+06 1.278781272874872386e+07 -8.005494942389997926e-01 3.895069153817221075e-02
-8.005102614889511026e-01 1.405788000000000000e+06 1.278781272874872386e+07 -8.003998220266873576e-01 3.910436701583535485e-02
-8.005102614889511026e-01 1.405788000000000000e+06 1.278781272874872386e+07 -8.002200872444884538e-01 3.996129700274806545e-02
-8.005102614889511026e-01 1.405788000000000000e+06 1.278781272874872386e+07 -8.005846110560442819e-01 3.974023687778757002e-02
-8.005102614889511026e-01 1.405788000000000000e+06 1.278781272874872386e+07 -8.002518322871254863e-01 3.969528391236795684e-02
-8.005102614889511026e-01 1.405788000000000000e+06 1.278781272874872386e+07 -8.002971160710257159e-01 3.929877563043393529e-02
-8.005102614889511026e-01 1.277988000000000000e+06 1.278781272874872386e+07 -8.005832322419594860e-01 3.860464731583295589e-02
-8.005102614889511026e-01 1.277988000000000000e+06 1.278781272874872386e+07 -8.007999173751547684e-01 3.854723132505490091e-02
-8.005102614889511026e-01 1.405788000000000000e+06 1.278781272874872386e+07 -8.001773429615657296e-01 4.039483294113318385e-02
-8.005102614889511026e-01 1.405788000000000000e+06 1.278781272874872386e+07 -8.000973584973359864e-01 4.047053304360980625e-02
-8.005102614889511026e-01 1.405788000000000000e+06 1.278781272874872386e+07 -8.007038408403386320e-01 3.908110340436154323e-02
-8.005102614889511026e-01 1.405788000000000000e+06 1.278781272874872386e+07 -8.002270373678367354e-01 3.991649646540649382e-02
-8.005102614889511026e-01 1.405788000000000000e+06 1.278781272874872386e+07 -8.002801398270965594e-01 3.987318514284880072e-02
-8.005102614889511026e-01 1.277988000000000000e+06 1.278781272874872386e+07 -8.009590324842171816e-01 3.806485464682765607e-02
-8.005102614889511026e-01 1.405788000000000000e+06 1.278781272874872386e+07 -8.006408462778570323e-01 3.885747249412846438e-02
-8.005102614889511026e-01 1.405788000000000000e+06 1.278781272874872386e+07 -8.003158136271302237e-01 4.063348847917305773e-02
-8.005102614889511026e-01 1.277988000000000000e+06 1.278781272874872386e+07 -8.013287782095305234e-01 3.817964064450600492e-02
-8.005102614889511026e-01 1.405788000000000000e+06 1.278781272874872386e+07 -8.005100397835649417e-01 3.962032084765413492e-02
-8.005102614889511026e-01 1.405788000000000000e+06 1.278781272874872386e+07 -8.005728614892539952e-01 3.948033438162984465e-02
-8.005102614889511026e-01 1.405788000000000000e+06 1.278781272874872386e+07 -7.999927609335509837e-01 4.042652446031980845e-02
-8.005102614889511026e-01 1.405788000000000000e+06 1.278781272874872386e+07 -8.006428697693092067e-01 3.931418813253783479e-02
-8.005102614889511026e-01 1.405788000000000000e+06 1.278781272874872386e+07 -8.003737040060503460e-01 3.982356525787842522e-02
-8.005102614889511026e-01 1.277988000000000000e+06 1.278781272874872386e+07 -8.009367172512116273e-01 3.810991942264727733e-02
-8.005102614889511026e-01 1.405788000000000000e+06 1.278781272874872386e+07 -8.000009705640197533e-01 4.015060856944510648e-02
-8.005102614889511026e-01 1.405788000000000000e+06 1.278781272874872386e+07 -8.006912547320483853e-01 3.954460846735895208e-02
-8.005102614889511026e-01 1.405788000000000000e+06 1.278781272874872386e+07 -8.004906443981972819e-01 3.934348935994952390e-02
-8.005102614889511026e-01 1.277988000000000000e+06 1.278781272874872386e+07 -8.007263068248208215e-01 3.851305113522444229e-02
-8.005102614889511026e-01 1.277988000000000000e+06 1.278781272874872386e+07 -8.006867731202789162e-01 3.859693364549397071e-02
-8.005102614889511026e-01 1.277988000000000000e+06 1.278781272874872386e+07 -8.009711842415108141e-01 3.853786862548889275e-02
-8.005102614889511026e-01 1.405788000000000000e+06 1.278781272874872386e+07 -8.006218170928015576e-01 3.970657880249520849e-02
-8.005102614889511026e-01 1.405788000000000000e+06 1.278781272874872386e+07 -8.000764876405633830e-01 4.051574179191999581e-02
-8.005102614889511026e-01 1.405788000000000000e+06 1.278781272874872386e+07 -7.997927485561501237e-01 4.041174955550067699e-02
-8.005102614889511026e-01 1.405788000000000000e+06 1.278781272874872386e+07 -8.006513363375244996e-01 3.931279748852063022e-02
-8.005102614889511026e-01 1.405788000000000000e+06 1.278781272874872386e+07 -8.005106240821928676e-01 3.971121118652378573e-02
-8.005102614889511026e-01 1.405788000000000000e+06 1.278781272874872386e+07 -8.003640756694855307e-01 3.976709239434855769e-02
-8.005102614889511026e-01 1.277988000000000000e+06 1.278781272874872386e+07 -8.009754307602573453e-01 3.872932088660253902e-02
-8.005102614889511026e-01 1.405788000000000000e+06 1.278781272874872386e+07 -8.002307749157427930e-01 3.904589663738402411e-02
-8.005102614889511026e-01 1.405788000000000000e+06 1.278781272874872386e+07 -8.000723156032435446e-01 3.962108042231787114e-02
-8.005102614889511026e-01 1.405788000000000000e+06 1.278781272874872386e+07 -8.006334211184439331e-01 3.978458725609902713e-02
-8.005102614889511026e-01 1.405788000000000000e+06 1.278781272874872386e+07 -8.000365351014905313e-01 3.997057561551464744e-02
-8.005102614889511026e-01 1.277988000000000000e+06 1.278781272874872386e+07 -8.010885599915187338e-01 3.872244974567412568e-02
-8.005102614889511026e-01 1.277988000000000000e+06 1.278781272874872386e+07 -8.011228518628059625e-01 3.852308777817116392e-02
-8.005102614889511026e-01 1.405788000000000000e+06 1.278781272874872386e+07 -8.003790126301111307e-01 3.960437004483061130e-02
-8.005102614889511026e-01 1.405788000000000000e+06 1.278781272874872386e+07 -8.003919807305617251e-01 3.932767838919529885e-02
-8.005102614889511026e-01 1.405788000000000000e+06 1.278781272874872386e+07 -8.000636808731141913e-01 3.999278883249807182e-02
-8.005102614889511026e-01 1.405788000000000000e+06 1.278781272874872386e+07 -8.007722076211022388e-01 3.871421168917459077e-02
-8.005102614889511026e-01 1.277988000000000000e+06 1.278781272874872386e+07 -8.009347890640915457e-01 3.804635070436570426e-02
-8.005102614889511026e-01 1.405788000000000000e+06 1.278781272874872386e+07 -8.009761440610223548e-01 3.863787912709117089e-02
-8.005102614889511026e-01 1.405788000000000000e+06 1.278781272874872386e+07 -8.003056099548819802e-01 3.954782239113116549e-02
-8.005102614889511026e-01 1.277988000000000000e+06 1.278781272874872386e+07 -8.006407496834390125e-01 3.866231360475603368e-02
-8.005102614889511026e-01 1.277988000000000000e+06 1.278781272874872386e+07 -8.011351261564586546e-01 3.873308055246308529e-02
-8.005102614889511026e-01 1.405788000000000000e+06 1.278781272874872386e+07 -8.004986448932968068e-01 3.948382691658906124e-02
-8.005102614889511026e-01 1.405788000000000000e+06 1.278781272874872386e+07 -8.002842094307635046e-01 3.998650358795850096e-02
-8.005102614889511026e-01 1.405788000000000000e+06 1.278781272874872386e+07 -8.002081490290522403e-01 3.999411601071786032e-02
-8.005102614889511026e-01 1.405788000000000000e+06 1.278781272874872386e+07 -8.007552655217275994e-01 3.969840995763465608e-02
-8.005102614889511026e-01 1.405788000000000000e+06 1.278781272874872386e+07 -8.002028950362742865e-01 4.067848759297972711e-02
