# Energy,SamplesEBS,SamplesHoeffding,E_estim,Var_estim
-9.990246022682366389e-01 6.471720000000000000e+05 1.941507499366413802e+06 -9.988406324753299481e-01 4.182012728675340435e-02
-9.990246022682366389e-01 6.471720000000000000e+05 1.941507499366413802e+06 -9.985935806869211673e-01 4.164296214066470075e-02
-9.990246022682366389e-01 6.471720000000000000e+05 1.941507499366413802e+06 -9.989491248081244779e-01 4.182610525240600119e-02
-9.990246022682366389e-01 6.471720000000000000e+05 1.941507499366413802e+06 -9.987355704516199806e-01 4.181979968150720955e-02
-9.990246022682366389e-01 6.471720000000000000e+05 1.941507499366413802e+06 -9.990252146266026534e-01 4.169295253750181923e-02
-9.990246022682366389e-01 6.471720000000000000e+05 1.941507499366413802e+06 -9.987822050402848095e-01 4.174585630187189339e-02
-9.990246022682366389e-01 6.471720000000000000e+05 1.941507499366413802e+06 -9.989211789142986575e-01 4.175983811071540264e-02
-9.990246022682366389e-01 6.471720000000000000e+05 1.941507499366413802e+06 -9.983273720128794659e-01 4.203850337912051760e-02
-9.990246022682366389e-01 6.471720000000000000e+05 1.941507499366413802e+06 -9.988478240719894652e-01 4.187124207473708754e-02
-9.990246022682366389e-01 6.471720000000000000e+05 1.941507499366413802e+06 -9.991908178974466814e-01 4.164768752748727876e-02
-9.990246022682366389e-01 6.471720000000000000e+05 1.941507499366413802e+06 -9.984615415999521515e-01 4.192350907957690526e-02
-9.990246022682366389e-01 6.471720000000000000e+05 1.941507499366413802e+06 -9.988587454344748373e-01 4.172790440430910325e-02
-9.990246022682366389e-01 6.471720000000000000e+05 1.941507499366413802e+06 -9.986633476113434549e-01 4.181326031752225642e-02
-9.990246022682366389e-01 6.471720000000000000e+05 1.941507499366413802e+06 -9.995887912337526604e-01 4.158730846343319798e-02
-9.990246022682366389e-01 6.471720000000000000e+05 1.941507499366413802e+06 -9.990975654081565294e-01 4.158350167984595919e-02
-9.990246022682366389e-01 6.471720000000000000e+05 1.941507499366413802e+06 -9.989314652060400368e-01 4.197958881222947636e-02
-9.990246022682366389e-01 6.471720000000000000e+05 1.941507499366413802e+06 -9.985643368383065877e-01 4.190083771312790722e-02
-9.990246022682366389e-01 6.471720000000000000e+05 1.941507499366413802e+06 -9.986043787437022257e-01 4.185393323022476575e-02
-9.990246022682366389e-01 6.471720000000000000e+05 1.941507499366413802e+06 -9.989270846086294453e-01 4.183093368843357474e-02
-9.990246022682366389e-01 6.471720000000000000e+05 1.941507499366413802e+06 -9.995936863775446435e-01 4.169755576995032992e-02
-9.990246022682366389e-01 6.471720000000000000e+05 1.941507499366413802e+06 -9.992990988490239035e-01 4.171504441336821439e-02
-9.990246022682366389e-01 6.471720000000000000e+05 1.941507499366413802e+06 -9.994346173819793622e-01 4.166939447719649608e-02
-9.990246022682366389e-01 6.471720000000000000e+05 1.941507499366413802e+06 -9.984476609005282777e-01 4.200765687112379548e-02
-9.990246022682366389e-01 6.471720000000000000e+05 1.941507499366413802e+06 -9.988500324493652105e-01 4.174031717577550427e-02
-9.990246022682366389e-01 6.471720000000000000e+05 1.941507499366413802e+06 -9.985072045767283688e-01 4.202828358015876786e-02
-9.990246022682366389e-01 6.471720000000000000e+05 1.941507499366413802e+06 -9.987835122661818943e-01 4.187662555720161883e-02
-9.990246022682366389e-01 6.471720000000000000e+05 1.941507499366413802e+06 -9.987705929804046034e-01 4.193348431816555644e-02
-9.990246022682366389e-01 6.471720000000000000e+05 1.941507499366413802e+06 -9.988830700344366598e-01 4.185339870430391379e-02
-9.990246022682366389e-01 6.471720000000000000e+05 1.941507499366413802e+06 -9.997147373500713252e-01 4.170533685340433588e-02
-9.990246022682366389e-01 6.471720000000000000e+05 1.941507499366413802e+06 -9.992397915860544710e-01 4.174698696267434284e-02
-9.990246022682366389e-01 6.471720000000000000e+05 1.941507499366413802e+06 -9.993472399923575278e-01 4.171019333249927769e-02
-9.990246022682366389e-01 6.471720000000000000e+05 1.941507499366413802e+06 -9.991580408304483463e-01 4.164809857383027641e-02
-9.990246022682366389e-01 6.471720000000000000e+05 1.941507499366413802e+06 -9.998684754598914370e-01 4.152378172737370560e-02
-9.990246022682366389e-01 6.471720000000000000e+05 1.941507499366413802e+06 -9.995128404818613976e-01 4.175909821368947034e-02
-9.990246022682366389e-01 6.471720000000000000e+05 1.941507499366413802e+06 -9.984001372128660234e-01 4.215132391648564875e-02
-9.990246022682366389e-01 6.471720000000000000e+05 1.941507499366413802e+06 -9.989061875364299015e-01 4.180455611344575939e-02
-9.990246022682366389e-01 6.471720000000000000e+05 1.941507499366413802e+06 -9.989088196033331091e-01 4.188570025106159306e-02
-9.990246022682366389e-01 6.471720000000000000e+05 1.941507499366413802e+06 -9.988531642288701606e-01 4.198974481603904435e-02
-9.990246022682366389e-01 6.471720000000000000e+05 1.941507499366413802e+06 -1.000042495040454282e+00 4.137449417632618753e-02
-9.990246022682366389e-01 6.471720000000000000e+05 1.941507499366413802e+06 -9.990917774568744969e-01 4.167224158283896335e-02
-9.990246022682366389e-01 6.471720000000000000e+05 1.941507499366413802e+06 -9.995345691722243853e-01 4.183381205900116306e-02
-9.990246022682366389e-01 6.471720000000000000e+05 1.941507499366413802e+06 -9.983552270498599057e-01 4.174157941766060836e-02
-9.990246022682366389e-01 6.471720000000000000e+05 1.941507499366413802e+06 -9.986454608671622157e-01 4.182311879088099205e-02
-9.990246022682366389e-01 6.471720000000000000e+05 1.941507499366413802e+06 -9.981369750241466665e-01 4.194696257345020829e-02
-9.990246022682366389e-01 6.471720000000000000e+05 1.941507499366413802e+06 -9.991966605482476282e-01 4.166052144367689974e-02
-9.990246022682366389e-01 6.471720000000000000e+05 1.941507499366413802e+06 -9.985934536727825162e-01 4.195883350553846619e-02
-9.990246022682366389e-01 6.471720000000000000e+05 1.941507499366413802e+06 -9.980609547389707181e-01 4.215684326419405492e-02
-9.990246022682366389e-01 6.471720000000000000e+05 1.941507499366413802e+06 -9.985694405819742769e-01 4.187310526972124608e-02
-9.990246022682366389e-01 6.471720000000000000e+05 1.941507499366413802e+06 -9.991650813080978910e-01 4.179889546522319588e-02
-9.990246022682366389e-01 6.471720000000000000e+05 1.941507499366413802e+06 -9.991057944415495662e-01 4.196090907931429581e-02
-9.990246022682366389e-01 6.471720000000000000e+05 1.941507499366413802e+06 -9.986331265881800423e-01 4.206019425295697001e-02
-9.990246022682366389e-01 6.471720000000000000e+05 1.941507499366413802e+06 -9.983928213833757059e-01 4.193083123099142218e-02
-9.990246022682366389e-01 6.471720000000000000e+05 1.941507499366413802e+06 -9.989774610154895651e-01 4.154980823320039707e-02
-9.990246022682366389e-01 6.471720000000000000e+05 1.941507499366413802e+06 -9.986307513308988471e-01 4.187383979808192297e-02
-9.990246022682366389e-01 6.471720000000000000e+05 1.941507499366413802e+06 -9.989738851500402639e-01 4.175344271811180091e-02
-9.990246022682366389e-01 6.471720000000000000e+05 1.941507499366413802e+06 -9.992728773808636777e-01 4.180353699283655133e-02
-9.990246022682366389e-01 6.471720000000000000e+05 1.941507499366413802e+06 -9.991616593430071580e-01 4.194007709981948523e-02
-9.990246022682366389e-01 6.471720000000000000e+05 1.941507499366413802e+06 -9.991140299647226497e-01 4.180662338228569030e-02
-9.990246022682366389e-01 6.471720000000000000e+05 1.941507499366413802e+06 -9.991145982834896966e-01 4.183097970539643301e-02
-9.990246022682366389e-01 6.471720000000000000e+05 1.941507499366413802e+06 -9.995610928784421922e-01 4.164097956270168543e-02
-9.990246022682366389e-01 6.471720000000000000e+05 1.941507499366413802e+06 -9.989646149714840329e-01 4.168487056610567509e-02
-9.990246022682366389e-01 6.471720000000000000e+05 1.941507499366413802e+06 -9.994189093476303354e-01 4.179275861519083507e-02
-9.990246022682366389e-01 6.471720000000000000e+05 1.941507499366413802e+06 -9.986429743566168638e-01 4.195675616583328937e-02
-9.990246022682366389e-01 6.471720000000000000e+05 1.941507499366413802e+06 -9.991546763462044733e-01 4.171638155714602753e-02
-9.990246022682366389e-01 6.471720000000000000e+05 1.941507499366413802e+06 -9.988212456662522998e-01 4.189871186079729276e-02
-9.990246022682366389e-01 6.471720000000000000e+05 1.941507499366413802e+06 -9.989329022274187064e-01 4.180361608816211133e-02
-9.990246022682366389e-01 6.471720000000000000e+05 1.941507499366413802e+06 -9.990661187448230951e-01 4.173379126158033997e-02
-9.990246022682366389e-01 6.471720000000000000e+05 1.941507499366413802e+06 -9.984555932585459370e-01 4.203244058260482280e-02
-9.990246022682366389e-01 6.471720000000000000e+05 1.941507499366413802e+06 -9.996908874307361970e-01 4.162730745060256449e-02
-9.990246022682366389e-01 6.471720000000000000e+05 1.941507499366413802e+06 -9.997365049790795100e-01 4.149453413239719002e-02
-9.990246022682366389e-01 6.471720000000000000e+05 1.941507499366413802e+06 -9.985791613362661190e-01 4.190741630276730717e-02
-9.990246022682366389e-01 6.471720000000000000e+05 1.941507499366413802e+06 -9.989765802604582134e-01 4.181913585458575666e-02
-9.990246022682366389e-01 6.471720000000000000e+05 1.941507499366413802e+06 -9.982710111072816694e-01 4.191486300188186631e-02
-9.990246022682366389e-01 6.471720000000000000e+05 1.941507499366413802e+06 -9.988363028689851708e-01 4.181759905498100283e-02
-9.990246022682366389e-01 6.471720000000000000e+05 1.941507499366413802e+06 -9.994124835442803612e-01 4.157956131604827882e-02
-9.990246022682366389e-01 6.471720000000000000e+05 1.941507499366413802e+06 -9.987295896613581636e-01 4.174303633642765382e-02
-9.990246022682366389e-01 6.471720000000000000e+05 1.941507499366413802e+06 -9.990817998929596433e-01 4.188626613436013252e-02
-9.990246022682366389e-01 6.471720000000000000e+05 1.941507499366413802e+06 -9.991717398161807928e-01 4.153869889958187317e-02
-9.990246022682366389e-01 6.471720000000000000e+05 1.941507499366413802e+06 -9.992980243278636321e-01 4.153614320511940516e-02
-9.990246022682366389e-01 6.471720000000000000e+05 1.941507499366413802e+06 -9.993719122587619852e-01 4.171713125225788577e-02
-9.990246022682366389e-01 6.471720000000000000e+05 1.941507499366413802e+06 -9.992457964811933824e-01 4.170703789210319923e-02
-9.990246022682366389e-01 6.471720000000000000e+05 1.941507499366413802e+06 -9.980761185593993723e-01 4.213745543927844422e-02
-9.990246022682366389e-01 6.471720000000000000e+05 1.941507499366413802e+06 -9.984637777906322231e-01 4.187524598155864530e-02
-9.990246022682366389e-01 6.471720000000000000e+05 1.941507499366413802e+06 -9.984607730252925695e-01 4.189054717917617410e-02
-9.990246022682366389e-01 6.471720000000000000e+05 1.941507499366413802e+06 -9.986256355347962188e-01 4.198259728907176302e-02
-9.990246022682366389e-01 6.471720000000000000e+05 1.941507499366413802e+06 -9.989452578299461427e-01 4.176620343782821987e-02
-9.990246022682366389e-01 6.471720000000000000e+05 1.941507499366413802e+06 -9.996824497974559076e-01 4.150567280945920839e-02
-9.990246022682366389e-01 6.471720000000000000e+05 1.941507499366413802e+06 -9.979250672160295821e-01 4.221746182598350855e-02
-9.990246022682366389e-01 6.471720000000000000e+05 1.941507499366413802e+06 -9.990421149251224042e-01 4.172403310790891162e-02
-9.990246022682366389e-01 6.471720000000000000e+05 1.941507499366413802e+06 -9.993941128484082892e-01 4.155050417397845169e-02
-9.990246022682366389e-01 6.471720000000000000e+05 1.941507499366413802e+06 -9.990057758993309278e-01 4.173785640716598522e-02
-9.990246022682366389e-01 6.471720000000000000e+05 1.941507499366413802e+06 -9.981747686864169689e-01 4.214472641111916690e-02
-9.990246022682366389e-01 6.471720000000000000e+05 1.941507499366413802e+06 -9.980731564411350343e-01 4.213146932647166693e-02
-9.990246022682366389e-01 6.471720000000000000e+05 1.941507499366413802e+06 -9.984075095960879276e-01 4.193853637690232727e-02
-9.990246022682366389e-01 6.471720000000000000e+05 1.941507499366413802e+06 -9.983839989992160380e-01 4.187161164571087668e-02
-9.990246022682366389e-01 6.471720000000000000e+05 1.941507499366413802e+06 -9.995344783153832235e-01 4.164108259312730709e-02
-9.990246022682366389e-01 6.471720000000000000e+05 1.941507499366413802e+06 -9.996918951999289593e-01 4.159110743235346075e-02
-9.990246022682366389e-01 6.471720000000000000e+05 1.941507499366413802e+06 -9.986537418187538817e-01 4.185533803678703063e-02
-9.990246022682366389e-01 6.471720000000000000e+05 1.941507499366413802e+06 -9.995606089267219385e-01 4.153353764424937838e-02
-9.990246022682366389e-01 6.471720000000000000e+05 1.941507499366413802e+06 -9.993013164975147467e-01 4.159885280858440643e-02
