# Energy,SamplesEBS,SamplesHoeffding,E_estim,Var_estim
-1.136626741656964201e+00 1.405788000000000000e+06 4.631884782277046703e+06 -1.137106102484650494e+00 4.796694517728465612e-02
-1.136626741656964201e+00 1.405788000000000000e+06 4.631884782277046703e+06 -1.136646483964614651e+00 4.908504129168426294e-02
-1.136626741656964201e+00 1.405788000000000000e+06 4.631884782277046703e+06 -1.136687324262061649e+00 4.893628015311243806e-02
-1.136626741656964201e+00 1.405788000000000000e+06 4.631884782277046703e+06 -1.136293291449124609e+00 4.948932730607737140e-02
-1.136626741656964201e+00 1.405788000000000000e+06 4.631884782277046703e+06 -1.136698944079528317e+00 4.901457918372432998e-02
-1.136626741656964201e+00 1.405788000000000000e+06 4.631884782277046703e+06 -1.137055788354770502e+00 4.854040899491141731e-02
-1.136626741656964201e+00 1.405788000000000000e+06 4.631884782277046703e+06 -1.136402216834724088e+00 4.951201913169769181e-02
-1.136626741656964201e+00 1.405788000000000000e+06 4.631884782277046703e+06 -1.136748281248427084e+00 4.892293052991513597e-02
-1.136626741656964201e+00 1.405788000000000000e+06 4.631884782277046703e+06 -1.135830228597528357e+00 4.961980138877109675e-02
-1.136626741656964201e+00 1.405788000000000000e+06 4.631884782277046703e+06 -1.136461120026381666e+00 4.888433085510016096e-02
-1.136626741656964201e+00 1.405788000000000000e+06 4.631884782277046703e+06 -1.136485828303874124e+00 4.950035867367025277e-02
-1.136626741656964201e+00 1.405788000000000000e+06 4.631884782277046703e+06 -1.136651775943218867e+00 4.931767149050352711e-02
-1.136626741656964201e+00 1.405788000000000000e+06 4.631884782277046703e+06 -1.136681160316962647e+00 4.916559474112991435e-02
-1.136626741656964201e+00 1.405788000000000000e+06 4.631884782277046703e+06 -1.136639736147754487e+00 4.891418322275004754e-02
-1.136626741656964201e+00 1.405788000000000000e+06 4.631884782277046703e+06 -1.136875752246913729e+00 4.872783420772259372e-02
-1.136626741656964201e+00 1.405788000000000000e+06 4.631884782277046703e+06 -1.136375771026430392e+00 4.937411091726141149e-02
-1.136626741656964201e+00 1.405788000000000000e+06 4.631884782277046703e+06 -1.136713837932668669e+00 4.892164966478525917e-02
-1.136626741656964201e+00 1.405788000000000000e+06 4.631884782277046703e+06 -1.136603070021721562e+00 4.939558448968460469e-02
-1.136626741656964201e+00 1.405788000000000000e+06 4.631884782277046703e+06 -1.136197088323207094e+00 4.915848207938190023e-02
-1.136626741656964201e+00 1.405788000000000000e+06 4.631884782277046703e+06 -1.136750077678623461e+00 4.868227918289159267e-02
-1.136626741656964201e+00 1.405788000000000000e+06 4.631884782277046703e+06 -1.136023650223005887e+00 4.986304123846595909e-02
-1.136626741656964201e+00 1.405788000000000000e+06 4.631884782277046703e+06 -1.136326727073831533e+00 4.938061396563072497e-02
-1.136626741656964201e+00 1.405788000000000000e+06 4.631884782277046703e+06 -1.136573120982459884e+00 4.910269382944226768e-02
-1.136626741656964201e+00 1.405788000000000000e+06 4.631884782277046703e+06 -1.136522158959751616e+00 4.932410354355147575e-02
-1.136626741656964201e+00 1.405788000000000000e+06 4.631884782277046703e+06 -1.136687529129304597e+00 4.917966213596383640e-02
-1.136626741656964201e+00 1.405788000000000000e+06 4.631884782277046703e+06 -1.136715777769973235e+00 4.890913655525230830e-02
-1.136626741656964201e+00 1.405788000000000000e+06 4.631884782277046703e+06 -1.136321680936036138e+00 4.965893965110476649e-02
-1.136626741656964201e+00 1.405788000000000000e+06 4.631884782277046703e+06 -1.136761186608254537e+00 4.924532253641130536e-02
-1.136626741656964201e+00 1.405788000000000000e+06 4.631884782277046703e+06 -1.136553184832756580e+00 4.945021075051343751e-02
-1.136626741656964201e+00 1.405788000000000000e+06 4.631884782277046703e+06 -1.136378426618880333e+00 4.925526523968392495e-02
-1.136626741656964201e+00 1.405788000000000000e+06 4.631884782277046703e+06 -1.137196501463704656e+00 4.841167628656801308e-02
-1.136626741656964201e+00 1.405788000000000000e+06 4.631884782277046703e+06 -1.136448308137258500e+00 4.924664188889801147e-02
-1.136626741656964201e+00 1.405788000000000000e+06 4.631884782277046703e+06 -1.136872964771122430e+00 4.880690302495901273e-02
-1.136626741656964201e+00 1.405788000000000000e+06 4.631884782277046703e+06 -1.136666001416750449e+00 4.860894166030046981e-02
-1.136626741656964201e+00 1.405788000000000000e+06 4.631884782277046703e+06 -1.137159394872988116e+00 4.864755300349022510e-02
-1.136626741656964201e+00 1.405788000000000000e+06 4.631884782277046703e+06 -1.137135246139302058e+00 4.857702708238023637e-02
-1.136626741656964201e+00 1.405788000000000000e+06 4.631884782277046703e+06 -1.136924351893489726e+00 4.857366577201180369e-02
-1.136626741656964201e+00 1.405788000000000000e+06 4.631884782277046703e+06 -1.136359550657494166e+00 4.926784201467545449e-02
-1.136626741656964201e+00 1.405788000000000000e+06 4.631884782277046703e+06 -1.136986244867415508e+00 4.835136300459853820e-02
-1.136626741656964201e+00 1.405788000000000000e+06 4.631884782277046703e+06 -1.136585413020761104e+00 4.940547539929322080e-02
-1.136626741656964201e+00 1.405788000000000000e+06 4.631884782277046703e+06 -1.136454345320673021e+00 4.909274904939691514e-02
-1.136626741656964201e+00 1.405788000000000000e+06 4.631884782277046703e+06 -1.136676585373980419e+00 4.894602636044905614e-02
-1.136626741656964201e+00 1.405788000000000000e+06 4.631884782277046703e+06 -1.135897745179036411e+00 4.981695012481407447e-02
-1.136626741656964201e+00 1.405788000000000000e+06 4.631884782277046703e+06 -1.136464805077063156e+00 4.918552702200872789e-02
-1.136626741656964201e+00 1.405788000000000000e+06 4.631884782277046703e+06 -1.136192572279544288e+00 4.936315824323349311e-02
-1.136626741656964201e+00 1.405788000000000000e+06 4.631884782277046703e+06 -1.136793544118747556e+00 4.915767251078161093e-02
-1.136626741656964201e+00 1.405788000000000000e+06 4.631884782277046703e+06 -1.136135139010800543e+00 4.929403386250644226e-02
-1.136626741656964201e+00 1.405788000000000000e+06 4.631884782277046703e+06 -1.137152519014006158e+00 4.864088137759942782e-02
-1.136626741656964201e+00 1.405788000000000000e+06 4.631884782277046703e+06 -1.136558273224476112e+00 4.896171219154218240e-02
-1.136626741656964201e+00 1.405788000000000000e+06 4.631884782277046703e+06 -1.136402163057107284e+00 4.889128467663458183e-02
-1.136626741656964201e+00 1.405788000000000000e+06 4.631884782277046703e+06 -1.136768033017567792e+00 4.854471286477098774e-02
-1.136626741656964201e+00 1.405788000000000000e+06 4.631884782277046703e+06 -1.136234483008604190e+00 4.963751062209881965e-02
-1.136626741656964201e+00 1.405788000000000000e+06 4.631884782277046703e+06 -1.136753504084351940e+00 4.836254865945203291e-02
-1.136626741656964201e+00 1.405788000000000000e+06 4.631884782277046703e+06 -1.136108617657635378e+00 4.967159752818580548e-02
-1.136626741656964201e+00 1.405788000000000000e+06 4.631884782277046703e+06 -1.136583629394826156e+00 4.891719280090089245e-02
-1.136626741656964201e+00 1.405788000000000000e+06 4.631884782277046703e+06 -1.136582062159894546e+00 4.935554730968338966e-02
-1.136626741656964201e+00 1.405788000000000000e+06 4.631884782277046703e+06 -1.136644081895450187e+00 4.894834262785156820e-02
-1.136626741656964201e+00 1.405788000000000000e+06 4.631884782277046703e+06 -1.136247652135054187e+00 4.898690679103950840e-02
-1.136626741656964201e+00 1.405788000000000000e+06 4.631884782277046703e+06 -1.137069271184321773e+00 4.818981162932681889e-02
-1.136626741656964201e+00 1.405788000000000000e+06 4.631884782277046703e+06 -1.136375618656360720e+00 4.935811169791334135e-02
-1.136626741656964201e+00 1.405788000000000000e+06 4.631884782277046703e+06 -1.136709337254045993e+00 4.937757384689366036e-02
-1.136626741656964201e+00 1.405788000000000000e+06 4.631884782277046703e+06 -1.136995123304275879e+00 4.852560659745697169e-02
-1.136626741656964201e+00 1.405788000000000000e+06 4.631884782277046703e+06 -1.136663882320568586e+00 4.921309472504531435e-02
-1.136626741656964201e+00 1.405788000000000000e+06 4.631884782277046703e+06 -1.136824370246225069e+00 4.855180633488702380e-02
-1.136626741656964201e+00 1.405788000000000000e+06 4.631884782277046703e+06 -1.136640138199847438e+00 4.882416910956464268e-02
-1.136626741656964201e+00 1.405788000000000000e+06 4.631884782277046703e+06 -1.136410045326659235e+00 4.935793338749821374e-02
-1.136626741656964201e+00 1.405788000000000000e+06 4.631884782277046703e+06 -1.137036060913641178e+00 4.892481521476488987e-02
-1.136626741656964201e+00 1.405788000000000000e+06 4.631884782277046703e+06 -1.136594326029002344e+00 4.876506884041555134e-02
-1.136626741656964201e+00 1.405788000000000000e+06 4.631884782277046703e+06 -1.136885031455434625e+00 4.894548864893397827e-02
-1.136626741656964201e+00 1.405788000000000000e+06 4.631884782277046703e+06 -1.136804523725965854e+00 4.855869582537320622e-02
-1.136626741656964201e+00 1.405788000000000000e+06 4.631884782277046703e+06 -1.136829054024944829e+00 4.866580107666687582e-02
-1.136626741656964201e+00 1.405788000000000000e+06 4.631884782277046703e+06 -1.136994147623725748e+00 4.886192938019014859e-02
-1.136626741656964201e+00 1.405788000000000000e+06 4.631884782277046703e+06 -1.136594807467192103e+00 4.887954550425336470e-02
-1.136626741656964201e+00 1.405788000000000000e+06 4.631884782277046703e+06 -1.136363785008610572e+00 4.933348797137093039e-02
-1.136626741656964201e+00 1.405788000000000000e+06 4.631884782277046703e+06 -1.136363841347142634e+00 4.863975057577516609e-02
-1.136626741656964201e+00 1.405788000000000000e+06 4.631884782277046703e+06 -1.136932453115032660e+00 4.857150151894986528e-02
-1.136626741656964201e+00 1.405788000000000000e+06 4.631884782277046703e+06 -1.136439767731454831e+00 4.919827262998593270e-02
-1.136626741656964201e+00 1.405788000000000000e+06 4.631884782277046703e+06 -1.136366769669193477e+00 4.897142232817364160e-02
-1.136626741656964201e+00 1.405788000000000000e+06 4.631884782277046703e+06 -1.136546650846126383e+00 4.895724728218019128e-02
-1.136626741656964201e+00 1.405788000000000000e+06 4.631884782277046703e+06 -1.136621656608012954e+00 4.920347188088790291e-02
-1.136626741656964201e+00 1.405788000000000000e+06 4.631884782277046703e+06 -1.136055677385020113e+00 4.942060782493726961e-02
-1.136626741656964201e+00 1.405788000000000000e+06 4.631884782277046703e+06 -1.137255650496148407e+00 4.818822745323455420e-02
-1.136626741656964201e+00 1.405788000000000000e+06 4.631884782277046703e+06 -1.136097929986385813e+00 4.935381686631781784e-02
-1.136626741656964201e+00 1.405788000000000000e+06 4.631884782277046703e+06 -1.137267331773808898e+00 4.836589861562356346e-02
-1.136626741656964201e+00 1.405788000000000000e+06 4.631884782277046703e+06 -1.137133684026047087e+00 4.858723621985661795e-02
-1.136626741656964201e+00 1.405788000000000000e+06 4.631884782277046703e+06 -1.136542666177065675e+00 4.882768569431295003e-02
-1.136626741656964201e+00 1.405788000000000000e+06 4.631884782277046703e+06 -1.137273532851066138e+00 4.851014041256060394e-02
-1.136626741656964201e+00 1.405788000000000000e+06 4.631884782277046703e+06 -1.136872086402542337e+00 4.845369471472123213e-02
-1.136626741656964201e+00 1.405788000000000000e+06 4.631884782277046703e+06 -1.136728080051695899e+00 4.858747919255876346e-02
-1.136626741656964201e+00 1.405788000000000000e+06 4.631884782277046703e+06 -1.136753536094817330e+00 4.879520802874709462e-02
-1.136626741656964201e+00 1.405788000000000000e+06 4.631884782277046703e+06 -1.137084387830611165e+00 4.858692147509978410e-02
-1.136626741656964201e+00 1.405788000000000000e+06 4.631884782277046703e+06 -1.136601449009134512e+00 4.915503024986491581e-02
-1.136626741656964201e+00 1.405788000000000000e+06 4.631884782277046703e+06 -1.136672619911158977e+00 4.894886941164026256e-02
-1.136626741656964201e+00 1.405788000000000000e+06 4.631884782277046703e+06 -1.137225318611116753e+00 4.824744956948896768e-02
-1.136626741656964201e+00 1.405788000000000000e+06 4.631884782277046703e+06 -1.136768951079203616e+00 4.905467714759485787e-02
-1.136626741656964201e+00 1.405788000000000000e+06 4.631884782277046703e+06 -1.136856326985053345e+00 4.849480078317484899e-02
-1.136626741656964201e+00 1.405788000000000000e+06 4.631884782277046703e+06 -1.137393791239977192e+00 4.837559534603744910e-02
-1.136626741656964201e+00 1.405788000000000000e+06 4.631884782277046703e+06 -1.136552200189312023e+00 4.912675577610077504e-02
-1.136626741656964201e+00 1.405788000000000000e+06 4.631884782277046703e+06 -1.136415740637752858e+00 4.925562458689639045e-02
-1.136626741656964201e+00 1.405788000000000000e+06 4.631884782277046703e+06 -1.136990212891058727e+00 4.838340420814232767e-02
