# Energy,SamplesEBS,SamplesHoeffding,E_estim,Var_estim
-3.239392452849164106e-01 1.405788000000000000e+06 1.660220680530292727e+07 -3.238757974872597534e-01 3.928463576887317177e-02
-3.239392452849164106e-01 1.405788000000000000e+06 1.660220680530292727e+07 -3.235733937108731806e-01 3.868093367288063383e-02
-3.239392452849164106e-01 1.405788000000000000e+06 1.660220680530292727e+07 -3.242491489456589271e-01 3.672250465466003061e-02
-3.239392452849164106e-01 1.405788000000000000e+06 1.660220680530292727e+07 -3.241935458248451085e-01 3.717248018267446663e-02
-3.239392452849164106e-01 1.277988000000000000e+06 1.660220680530292727e+07 -3.247925421816922342e-01 3.521441853042085735e-02
-3.239392452849164106e-01 1.405788000000000000e+06 1.660220680530292727e+07 -3.243765751294179212e-01 3.683278683466582187e-02
-3.239392452849164106e-01 1.405788000000000000e+06 1.660220680530292727e+07 -3.239845926967859779e-01 3.887397608681802258e-02
-3.239392452849164106e-01 1.405788000000000000e+06 1.660220680530292727e+07 -3.243214470446605380e-01 3.754986379832736532e-02
-3.239392452849164106e-01 1.405788000000000000e+06 1.660220680530292727e+07 -3.242875940028133175e-01 3.729510000524779295e-02
-3.239392452849164106e-01 1.405788000000000000e+06 1.660220680530292727e+07 -3.237829354056346309e-01 3.946907052193258242e-02
-3.239392452849164106e-01 1.405788000000000000e+06 1.660220680530292727e+07 -3.234757065773973261e-01 3.942393408732169924e-02
-3.239392452849164106e-01 1.405788000000000000e+06 1.660220680530292727e+07 -3.238385474893946681e-01 3.764647004024727212e-02
-3.239392452849164106e-01 1.405788000000000000e+06 1.660220680530292727e+07 -3.239509577532517226e-01 3.768917652873009227e-02
-3.239392452849164106e-01 1.405788000000000000e+06 1.660220680530292727e+07 -3.240168114950646161e-01 3.798458524022320371e-02
-3.239392452849164106e-01 1.405788000000000000e+06 1.660220680530292727e+07 -3.241380890988012076e-01 3.733098394112422530e-02
-3.239392452849164106e-01 1.405788000000000000e+06 1.660220680530292727e+07 -3.237919192637988552e-01 3.835419989406923386e-02
-3.239392452849164106e-01 1.405788000000000000e+06 1.660220680530292727e+07 -3.236139540229500122e-01 3.871593043775117815e-02
-3.239392452849164106e-01 1.405788000000000000e+06 1.660220680530292727e+07 -3.237284675911427101e-01 3.890895911165922344e-02
-3.239392452849164106e-01 1.405788000000000000e+06 1.660220680530292727e+07 -3.234835103145050073e-01 3.938056808421799143e-02
-3.239392452849164106e-01 1.405788000000000000e+06 1.660220680530292727e+07 -3.236511502431457243e-01 3.829859636571076448e-02
-3.239392452849164106e-01 1.405788000000000000e+06 1.660220680530292727e+07 -3.238576534996914225e-01 3.835472741497766846e-02
-3.239392452849164106e-01 1.405788000000000000e+06 1.660220680530292727e+07 -3.239419051791772586e-01 3.668668785327355852e-02
-3.239392452849164106e-01 1.405788000000000000e+06 1.660220680530292727e+07 -3.239432585838138978e-01 3.794364351039551664e-02
-3.239392452849164106e-01 1.405788000000000000e+06 1.660220680530292727e+07 -3.238538173593937808e-01 3.821790256857545559e-02
-3.239392452849164106e-01 1.405788000000000000e+06 1.660220680530292727e+07 -3.239937707520740284e-01 3.816498552450816456e-02
-3.239392452849164106e-01 1.405788000000000000e+06 1.660220680530292727e+07 -3.239369456831545091e-01 3.695668624004588149e-02
-3.239392452849164106e-01 1.405788000000000000e+06 1.660220680530292727e+07 -3.239426610541789042e-01 3.674933806825080723e-02
-3.239392452849164106e-01 1.405788000000000000e+06 1.660220680530292727e+07 -3.235494208216411760e-01 3.895971253558593028e-02
-3.239392452849164106e-01 1.405788000000000000e+06 1.660220680530292727e+07 -3.237893707998834025e-01 3.808570958669697804e-02
-3.239392452849164106e-01 1.405788000000000000e+06 1.660220680530292727e+07 -3.233307907010198878e-01 3.916629333018850634e-02
-3.239392452849164106e-01 1.405788000000000000e+06 1.660220680530292727e+07 -3.242279276804318489e-01 3.650723168236078703e-02
-3.239392452849164106e-01 1.405788000000000000e+06 1.660220680530292727e+07 -3.240148306842939863e-01 3.863484654674604474e-02
-3.239392452849164106e-01 1.405788000000000000e+06 1.660220680530292727e+07 -3.234525194396420389e-01 3.993818214576597830e-02
-3.239392452849164106e-01 1.405788000000000000e+06 1.660220680530292727e+07 -3.243580188463810465e-01 3.646462330724472428e-02
-3.239392452849164106e-01 1.405788000000000000e+06 1.660220680530292727e+07 -3.243170163623769753e-01 3.699026554417986917e-02
-3.239392452849164106e-01 1.405788000000000000e+06 1.660220680530292727e+07 -3.238482633213645712e-01 3.803892267496818136e-02
-3.239392452849164106e-01 1.405788000000000000e+06 1.660220680530292727e+07 -3.240457050408983575e-01 3.844401446504072672e-02
-3.239392452849164106e-01 1.405788000000000000e+06 1.660220680530292727e+07 -3.231560909596676856e-01 4.113000011776631742e-02
-3.239392452849164106e-01 1.405788000000000000e+06 1.660220680530292727e+07 -3.238259187004238204e-01 3.827522265591085798e-02
-3.239392452849164106e-01 1.405788000000000000e+06 1.660220680530292727e+07 -3.242112566034326959e-01 3.722643201259920320e-02
-3.239392452849164106e-01 1.405788000000000000e+06 1.660220680530292727e+07 -3.241481156461807345e-01 3.757101512885570316e-02
-3.239392452849164106e-01 1.405788000000000000e+06 1.660220680530292727e+07 -3.237934877791181498e-01 3.812738028627550568e-02
-3.239392452849164106e-01 1.405788000000000000e+06 1.660220680530292727e+07 -3.239425206347095187e-01 3.853052244555904560e-02
-3.239392452849164106e-01 1.405788000000000000e+06 1.660220680530292727e+07 -3.236572838849181566e-01 3.888761349832840775e-02
-3.239392452849164106e-01 1.405788000000000000e+06 1.660220680530292727e+07 -3.239959487476213318e-01 3.840827073355221333e-02
-3.239392452849164106e-01 1.405788000000000000e+06 1.660220680530292727e+07 -3.237363758959463933e-01 3.905798258366079828e-02
-3.239392452849164106e-01 1.405788000000000000e+06 1.660220680530292727e+07 -3.243377177768177466e-01 3.673542996822650591e-02
-3.239392452849164106e-01 1.405788000000000000e+06 1.660220680530292727e+07 -3.239774074028350936e-01 3.815706120196986351e-02
-3.239392452849164106e-01 1.405788000000000000e+06 1.660220680530292727e+07 -3.239422099192899029e-01 3.857871823650180221e-02
-3.239392452849164106e-01 1.405788000000000000e+06 1.660220680530292727e+07 -3.240316451684271959e-01 3.711859662493230405e-02
-3.239392452849164106e-01 1.405788000000000000e+06 1.660220680530292727e+07 -3.238839507792293237e-01 3.792624741275590905e-02
-3.239392452849164106e-01 1.405788000000000000e+06 1.660220680530292727e+07 -3.237046978619975146e-01 3.839051255249885386e-02
-3.239392452849164106e-01 1.405788000000000000e+06 1.660220680530292727e+07 -3.237413772190562145e-01 3.823332476669459579e-02
-3.239392452849164106e-01 1.405788000000000000e+06 1.660220680530292727e+07 -3.239702848495136789e-01 3.823199058853429116e-02
-3.239392452849164106e-01 1.405788000000000000e+06 1.660220680530292727e+07 -3.237366836237094980e-01 3.829768426316067231e-02
-3.239392452849164106e-01 1.405788000000000000e+06 1.660220680530292727e+07 -3.242554289821920066e-01 3.701023567630673528e-02
-3.239392452849164106e-01 1.405788000000000000e+06 1.660220680530292727e+07 -3.239520094054158528e-01 3.775820228491267444e-02
-3.239392452849164106e-01 1.405788000000000000e+06 1.660220680530292727e+07 -3.238942432272977623e-01 3.795998010382241328e-02
-3.239392452849164106e-01 1.405788000000000000e+06 1.660220680530292727e+07 -3.236569104288958831e-01 3.813051524030980355e-02
-3.239392452849164106e-01 1.405788000000000000e+06 1.660220680530292727e+07 -3.237707726897821048e-01 3.832730815238780120e-02
-3.239392452849164106e-01 1.405788000000000000e+06 1.660220680530292727e+07 -3.235998433604644897e-01 3.907818646658226674e-02
-3.239392452849164106e-01 1.405788000000000000e+06 1.660220680530292727e+07 -3.240381582415134964e-01 3.641557775960160143e-02
-3.239392452849164106e-01 1.405788000000000000e+06 1.660220680530292727e+07 -3.235947912473347565e-01 3.856943001271091742e-02
-3.239392452849164106e-01 1.405788000000000000e+06 1.660220680530292727e+07 -3.237533128736534982e-01 3.809115915843541700e-02
-3.239392452849164106e-01 1.277988000000000000e+06 1.660220680530292727e+07 -3.248556479385659723e-01 3.554382514926584385e-02
-3.239392452849164106e-01 1.405788000000000000e+06 1.660220680530292727e+07 -3.239664009068397577e-01 3.724329022555186025e-02
-3.239392452849164106e-01 1.405788000000000000e+06 1.660220680530292727e+07 -3.239620030886856128e-01 3.739586279891421450e-02
-3.239392452849164106e-01 1.405788000000000000e+06 1.660220680530292727e+07 -3.237489897466968580e-01 3.829539482079821755e-02
-3.239392452849164106e-01 1.405788000000000000e+06 1.660220680530292727e+07 -3.239583910219915319e-01 3.756697761990051426e-02
-3.239392452849164106e-01 1.405788000000000000e+06 1.660220680530292727e+07 -3.240139254269014946e-01 3.824238775806612645e-02
-3.239392452849164106e-01 1.405788000000000000e+06 1.660220680530292727e+07 -3.237771961334195425e-01 3.769220621552166889e-02
-3.239392452849164106e-01 1.405788000000000000e+06 1.660220680530292727e+07 -3.243410490045636196e-01 3.658546529819134419e-02
-3.239392452849164106e-01 1.405788000000000000e+06 1.660220680530292727e+07 -3.237641849254860871e-01 3.876349204537591492e-02
-3.239392452849164106e-01 1.405788000000000000e+06 1.660220680530292727e+07 -3.236260241217260858e-01 3.898548274975294908e-02
-3.239392452849164106e-01 1.405788000000000000e+06 1.660220680530292727e+07 -3.235302849348646315e-01 3.825438369546109441e-02
-3.239392452849164106e-01 1.405788000000000000e+06 1.660220680530292727e+07 -3.234059629175954909e-01 4.018858019265691278e-02
-3.239392452849164106e-01 1.405788000000000000e+06 1.660220680530292727e+07 -3.237091703713580459e-01 3.851035264702525052e-02
-3.239392452849164106e-01 1.405788000000000000e+06 1.660220680530292727e+07 -3.240103850637718330e-01 3.802941090507172550e-02
-3.239392452849164106e-01 1.405788000000000000e+06 1.660220680530292727e+07 -3.233115532342024645e-01 3.883173038682273537e-02
-3.239392452849164106e-01 1.405788000000000000e+06 1.660220680530292727e+07 -3.236270429097530821e-01 3.831948265480120130e-02
-3.239392452849164106e-01 1.405788000000000000e+06 1.660220680530292727e+07 -3.239357087967835724e-01 3.841738805451302974e-02
-3.239392452849164106e-01 1.405788000000000000e+06 1.660220680530292727e+07 -3.241306707682991006e-01 3.748395141705201244e-02
-3.239392452849164106e-01 1.405788000000000000e+06 1.660220680530292727e+07 -3.240499953037249692e-01 3.750733033261136051e-02
-3.239392452849164106e-01 1.405788000000000000e+06 1.660220680530292727e+07 -3.236898492504040603e-01 3.932061466399941474e-02
-3.239392452849164106e-01 1.405788000000000000e+06 1.660220680530292727e+07 -3.239940635416060921e-01 3.731410381725516062e-02
-3.239392452849164106e-01 1.405788000000000000e+06 1.660220680530292727e+07 -3.234353942401019255e-01 3.850192418938341160e-02
-3.239392452849164106e-01 1.405788000000000000e+06 1.660220680530292727e+07 -3.239870873830313913e-01 3.712570752540756552e-02
-3.239392452849164106e-01 1.405788000000000000e+06 1.660220680530292727e+07 -3.237048651702918445e-01 3.923381384109554670e-02
-3.239392452849164106e-01 1.405788000000000000e+06 1.660220680530292727e+07 -3.241283732668236994e-01 3.702206796009528678e-02
-3.239392452849164106e-01 1.405788000000000000e+06 1.660220680530292727e+07 -3.240670577626443838e-01 3.832007522095603330e-02
-3.239392452849164106e-01 1.405788000000000000e+06 1.660220680530292727e+07 -3.238435876519212275e-01 3.887301918049133193e-02
-3.239392452849164106e-01 1.405788000000000000e+06 1.660220680530292727e+07 -3.242774927642267380e-01 3.689626024200153009e-02
-3.239392452849164106e-01 1.405788000000000000e+06 1.660220680530292727e+07 -3.241075403958644241e-01 3.760019920886194245e-02
-3.239392452849164106e-01 1.405788000000000000e+06 1.660220680530292727e+07 -3.243923768007873076e-01 3.706960645779105307e-02
-3.239392452849164106e-01 1.405788000000000000e+06 1.660220680530292727e+07 -3.246038246151152773e-01 3.704978708758305955e-02
-3.239392452849164106e-01 1.405788000000000000e+06 1.660220680530292727e+07 -3.243747108369373078e-01 3.714968225830955068e-02
-3.239392452849164106e-01 1.405788000000000000e+06 1.660220680530292727e+07 -3.240243911585667380e-01 3.749821376484757662e-02
-3.239392452849164106e-01 1.405788000000000000e+06 1.660220680530292727e+07 -3.237176552922815809e-01 3.837769321459733041e-02
-3.239392452849164106e-01 1.405788000000000000e+06 1.660220680530292727e+07 -3.237151994454478543e-01 3.889790825037200278e-02
-3.239392452849164106e-01 1.405788000000000000e+06 1.660220680530292727e+07 -3.239495236821111623e-01 3.815896521585374068e-02
