# Energy,SamplesEBS,SamplesHoeffding,E_estim,Var_estim
-9.448869305338705171e-01 2.298600000000000000e+05 1.494871902369578369e+06 -9.448966953802706570e-01 4.414476752284264907e-03
-9.448869305338705171e-01 2.298600000000000000e+05 1.494871902369578369e+06 -9.450185251897191829e-01 4.335117016736647101e-03
-9.448869305338705171e-01 2.298600000000000000e+05 1.494871902369578369e+06 -9.449046802406148027e-01 4.366001628338477165e-03
-9.448869305338705171e-01 2.298600000000000000e+05 1.494871902369578369e+06 -9.450092873927865567e-01 4.366442885329843183e-03
-9.448869305338705171e-01 2.298600000000000000e+05 1.494871902369578369e+06 -9.446555520756495516e-01 4.363200726557998031e-03
-9.448869305338705171e-01 2.298600000000000000e+05 1.494871902369578369e+06 -9.449988749678415179e-01 4.361113755374225638e-03
-9.448869305338705171e-01 2.298600000000000000e+05 1.494871902369578369e+06 -9.452212137827765703e-01 4.337153377088151344e-03
-9.448869305338705171e-01 2.298600000000000000e+05 1.494871902369578369e+06 -9.447468389459146021e-01 4.386267417538624452e-03
-9.448869305338705171e-01 2.298600000000000000e+05 1.494871902369578369e+06 -9.450119890372775666e-01 4.354723862055986071e-03
-9.448869305338705171e-01 2.298600000000000000e+05 1.494871902369578369e+06 -9.452580762207801746e-01 4.324883416547260946e-03
-9.448869305338705171e-01 2.298600000000000000e+05 1.494871902369578369e+06 -9.445730488127817015e-01 4.336681928839993851e-03
-9.448869305338705171e-01 2.298600000000000000e+05 1.494871902369578369e+06 -9.450007204389987425e-01 4.300965649776580975e-03
-9.448869305338705171e-01 2.298600000000000000e+05 1.494871902369578369e+06 -9.446803315066119033e-01 4.343347900645797531e-03
-9.448869305338705171e-01 2.298600000000000000e+05 1.494871902369578369e+06 -9.449812503267560615e-01 4.385418271502062454e-03
-9.448869305338705171e-01 2.298600000000000000e+05 1.494871902369578369e+06 -9.446976768472450381e-01 4.416670768170900298e-03
-9.448869305338705171e-01 2.298600000000000000e+05 1.494871902369578369e+06 -9.448531166801864556e-01 4.363705778798153412e-03
-9.448869305338705171e-01 2.298600000000000000e+05 1.494871902369578369e+06 -9.443324928221887848e-01 4.375095949384225601e-03
-9.448869305338705171e-01 2.298600000000000000e+05 1.494871902369578369e+06 -9.448834064217733752e-01 4.379577475860070915e-03
-9.448869305338705171e-01 2.298600000000000000e+05 1.494871902369578369e+06 -9.445719968681312029e-01 4.438685013854023337e-03
-9.448869305338705171e-01 2.298600000000000000e+05 1.494871902369578369e+06 -9.449491359962919335e-01 4.349447722011513286e-03
-9.448869305338705171e-01 2.298600000000000000e+05 1.494871902369578369e+06 -9.450236021931021080e-01 4.391788179926593358e-03
-9.448869305338705171e-01 2.298600000000000000e+05 1.494871902369578369e+06 -9.445713730101265027e-01 4.412503822414252062e-03
-9.448869305338705171e-01 2.298600000000000000e+05 1.494871902369578369e+06 -9.449550482907282944e-01 4.397780804465222307e-03
-9.448869305338705171e-01 2.298600000000000000e+05 1.494871902369578369e+06 -9.443812477164622576e-01 4.345715025995085419e-03
-9.448869305338705171e-01 2.298600000000000000e+05 1.494871902369578369e+06 -9.451839232581045191e-01 4.329716115280461339e-03
-9.448869305338705171e-01 2.298600000000000000e+05 1.494871902369578369e+06 -9.450412633781737348e-01 4.324518228399002254e-03
-9.448869305338705171e-01 2.298600000000000000e+05 1.494871902369578369e+06 -9.445926833729596517e-01 4.411246197657256625e-03
-9.448869305338705171e-01 2.298600000000000000e+05 1.494871902369578369e+06 -9.448666222923046698e-01 4.354546834073097852e-03
-9.448869305338705171e-01 2.298600000000000000e+05 1.494871902369578369e+06 -9.447855833990610464e-01 4.342607944705929000e-03
-9.448869305338705171e-01 2.298600000000000000e+05 1.494871902369578369e+06 -9.447728399900383600e-01 4.396984160064934880e-03
-9.448869305338705171e-01 2.298600000000000000e+05 1.494871902369578369e+06 -9.448437144353399875e-01 4.327029336625051216e-03
-9.448869305338705171e-01 2.298600000000000000e+05 1.494871902369578369e+06 -9.449065465940459374e-01 4.334639511299048613e-03
-9.448869305338705171e-01 2.298600000000000000e+05 1.494871902369578369e+06 -9.445853380323120385e-01 4.381076274667479974e-03
-9.448869305338705171e-01 2.298600000000000000e+05 1.494871902369578369e+06 -9.450400261033148341e-01 4.344536576148833040e-03
-9.448869305338705171e-01 2.298600000000000000e+05 1.494871902369578369e+06 -9.447239310889634645e-01 4.354583935054711155e-03
-9.448869305338705171e-01 2.298600000000000000e+05 1.494871902369578369e+06 -9.448375541638660557e-01 4.363812281309504236e-03
-9.448869305338705171e-01 2.298600000000000000e+05 1.494871902369578369e+06 -9.447507256595697456e-01 4.407158143145363180e-03
-9.448869305338705171e-01 2.298600000000000000e+05 1.494871902369578369e+06 -9.452068885413270616e-01 4.328234699020236040e-03
-9.448869305338705171e-01 2.298600000000000000e+05 1.494871902369578369e+06 -9.446987183507707941e-01 4.379538548847406419e-03
-9.448869305338705171e-01 2.298600000000000000e+05 1.494871902369578369e+06 -9.449472853045752796e-01 4.331834057940515785e-03
-9.448869305338705171e-01 2.298600000000000000e+05 1.494871902369578369e+06 -9.452326990346605617e-01 4.272726603529655200e-03
-9.448869305338705171e-01 2.298600000000000000e+05 1.494871902369578369e+06 -9.445386348216729955e-01 4.401897006136816851e-03
-9.448869305338705171e-01 2.298600000000000000e+05 1.494871902369578369e+06 -9.451401748895309485e-01 4.285148669307283983e-03
-9.448869305338705171e-01 2.298600000000000000e+05 1.494871902369578369e+06 -9.448008927177806715e-01 4.373447731488760114e-03
-9.448869305338705171e-01 2.298600000000000000e+05 1.494871902369578369e+06 -9.452431010184851878e-01 4.347548383862987961e-03
-9.448869305338705171e-01 2.298600000000000000e+05 1.494871902369578369e+06 -9.450789402249568649e-01 4.318727771674700337e-03
-9.448869305338705171e-01 2.298600000000000000e+05 1.494871902369578369e+06 -9.446264996089301924e-01 4.339205889860159142e-03
-9.448869305338705171e-01 2.298600000000000000e+05 1.494871902369578369e+06 -9.449487340124788082e-01 4.323085499252129170e-03
-9.448869305338705171e-01 2.298600000000000000e+05 1.494871902369578369e+06 -9.450332785178295891e-01 4.327319999300842206e-03
-9.448869305338705171e-01 2.298600000000000000e+05 1.494871902369578369e+06 -9.446428295488950022e-01 4.403231349541842157e-03
-9.448869305338705171e-01 2.298600000000000000e+05 1.494871902369578369e+06 -9.446796711046212547e-01 4.418526623627491538e-03
-9.448869305338705171e-01 2.298600000000000000e+05 1.494871902369578369e+06 -9.450863064478726150e-01 4.331887020617875873e-03
-9.448869305338705171e-01 2.298600000000000000e+05 1.494871902369578369e+06 -9.451104620208345963e-01 4.326648543228798528e-03
-9.448869305338705171e-01 2.298600000000000000e+05 1.494871902369578369e+06 -9.449659410080423205e-01 4.368803707169892185e-03
-9.448869305338705171e-01 2.298600000000000000e+05 1.494871902369578369e+06 -9.447208222401005662e-01 4.406255631895484269e-03
-9.448869305338705171e-01 2.298600000000000000e+05 1.494871902369578369e+06 -9.447589637175158872e-01 4.331438264317144515e-03
-9.448869305338705171e-01 2.298600000000000000e+05 1.494871902369578369e+06 -9.447064969986382899e-01 4.402758390553158929e-03
-9.448869305338705171e-01 2.298600000000000000e+05 1.494871902369578369e+06 -9.448807256595698201e-01 4.405742327303369989e-03
-9.448869305338705171e-01 2.298600000000000000e+05 1.494871902369578369e+06 -9.448023727491008383e-01 4.324340091212824921e-03
-9.448869305338705171e-01 2.298600000000000000e+05 1.494871902369578369e+06 -9.448269303058697277e-01 4.306853732781781678e-03
-9.448869305338705171e-01 2.298600000000000000e+05 1.494871902369578369e+06 -9.446285095280010369e-01 4.402909691901318347e-03
-9.448869305338705171e-01 2.298600000000000000e+05 1.494871902369578369e+06 -9.446580005225240217e-01 4.368208513889223869e-03
-9.448869305338705171e-01 2.298600000000000000e+05 1.494871902369578369e+06 -9.450445314543908237e-01 4.386459609479113550e-03
-9.448869305338705171e-01 2.298600000000000000e+05 1.494871902369578369e+06 -9.451327616814974020e-01 4.337969699965101185e-03
-9.448869305338705171e-01 2.298600000000000000e+05 1.494871902369578369e+06 -9.445282171761452128e-01 4.348977048962641631e-03
-9.448869305338705171e-01 2.298600000000000000e+05 1.494871902369578369e+06 -9.446837744718848962e-01 4.401831136251129449e-03
-9.448869305338705171e-01 2.298600000000000000e+05 1.494871902369578369e+06 -9.447507517624101903e-01 4.372171809690749561e-03
-9.448869305338705171e-01 2.298600000000000000e+05 1.494871902369578369e+06 -9.449411406948062808e-01 4.341961886689994082e-03
-9.448869305338705171e-01 2.298600000000000000e+05 1.494871902369578369e+06 -9.451510049600072572e-01 4.322672791247787402e-03
-9.448869305338705171e-01 2.298600000000000000e+05 1.494871902369578369e+06 -9.449796110680784844e-01 4.402896140492744935e-03
-9.448869305338705171e-01 2.298600000000000000e+05 1.494871902369578369e+06 -9.443402349260779927e-01 4.431922050193416729e-03
-9.448869305338705171e-01 2.298600000000000000e+05 1.494871902369578369e+06 -9.450574654141925546e-01 4.297216589876976661e-03
-9.448869305338705171e-01 2.298600000000000000e+05 1.494871902369578369e+06 -9.448373844953721346e-01 4.320501102805471630e-03
-9.448869305338705171e-01 2.298600000000000000e+05 1.494871902369578369e+06 -9.451213181941523489e-01 4.312306130057372115e-03
-9.448869305338705171e-01 2.298600000000000000e+05 1.494871902369578369e+06 -9.446672330988731270e-01 4.364584800316009122e-03
-9.448869305338705171e-01 2.298600000000000000e+05 1.494871902369578369e+06 -9.445076951192270531e-01 4.434932763191321708e-03
-9.448869305338705171e-01 2.298600000000000000e+05 1.494871902369578369e+06 -9.447136465679447648e-01 4.413613627574766718e-03
-9.448869305338705171e-01 2.298600000000000000e+05 1.494871902369578369e+06 -9.449228921957236738e-01 4.393157226368026719e-03
-9.448869305338705171e-01 2.298600000000000000e+05 1.494871902369578369e+06 -9.448926442186974528e-01 4.323855610935678495e-03
-9.448869305338705171e-01 2.298600000000000000e+05 1.494871902369578369e+06 -9.454204437488409329e-01 4.251321109606161566e-03
-9.448869305338705171e-01 2.298600000000000000e+05 1.494871902369578369e+06 -9.446311537462344088e-01 4.420635970660141689e-03
-9.448869305338705171e-01 2.298600000000000000e+05 1.494871902369578369e+06 -9.448174915170431953e-01 4.357546879466807008e-03
-9.448869305338705171e-01 2.298600000000000000e+05 1.494871902369578369e+06 -9.449750848347199250e-01 4.408270019668085460e-03
-9.448869305338705171e-01 2.298600000000000000e+05 1.494871902369578369e+06 -9.444195379801089141e-01 4.317248569566892874e-03
-9.448869305338705171e-01 2.298600000000000000e+05 1.494871902369578369e+06 -9.451632785178308849e-01 4.287442688633793034e-03
-9.448869305338705171e-01 2.298600000000000000e+05 1.494871902369578369e+06 -9.450079430962726734e-01 4.302664859706224060e-03
-9.448869305338705171e-01 2.298600000000000000e+05 1.494871902369578369e+06 -9.448209658057366012e-01 4.354968905891824955e-03
-9.448869305338705171e-01 2.298600000000000000e+05 1.494871902369578369e+06 -9.450257113030042788e-01 4.316417104226560886e-03
-9.448869305338705171e-01 2.298600000000000000e+05 1.494871902369578369e+06 -9.448733698777910250e-01 4.361936448973422094e-03
-9.448869305338705171e-01 2.298600000000000000e+05 1.494871902369578369e+06 -9.450613312455715675e-01 4.328516691580549906e-03
-9.448869305338705171e-01 2.298600000000000000e+05 1.494871902369578369e+06 -9.445535891416886320e-01 4.380991554092095869e-03
-9.448869305338705171e-01 2.298600000000000000e+05 1.494871902369578369e+06 -9.448340746546028956e-01 4.328408566516081177e-03
-9.448869305338705171e-01 2.298600000000000000e+05 1.494871902369578369e+06 -9.447870007835552641e-01 4.320106360730037627e-03
-9.448869305338705171e-01 2.298600000000000000e+05 1.494871902369578369e+06 -9.444821587057715684e-01 4.400480503934467089e-03
-9.448869305338705171e-01 2.298600000000000000e+05 1.494871902369578369e+06 -9.450240616031825303e-01 4.343494451246065514e-03
-9.448869305338705171e-01 2.298600000000000000e+05 1.494871902369578369e+06 -9.449556460458827800e-01 4.381359457412989031e-03
-9.448869305338705171e-01 2.298600000000000000e+05 1.494871902369578369e+06 -9.451165961894578693e-01 4.330744346132057998e-03
-9.448869305338705171e-01 2.298600000000000000e+05 1.494871902369578369e+06 -9.448969381367305909e-01 4.340750674919914218e-03
-9.448869305338705171e-01 2.298600000000000000e+05 1.494871902369578369e+06 -9.447704124254199254e-01 4.356473909669492973e-03
-9.448869305338705171e-01 2.298600000000000000e+05 1.494871902369578369e+06 -9.449777655969200385e-01 4.391237999993079753e-03
