# Energy,SamplesEBS,SamplesHoeffding,E_estim,Var_estim
-9.922259545720717444e-01 6.192000000000000000e+05 1.857594627755852649e+06 -9.928062703492436247e-01 3.915187074242056781e-02
-9.922259545720717444e-01 6.192000000000000000e+05 1.857594627755852649e+06 -9.922099060081480681e-01 3.928422973999969037e-02
-9.922259545720717444e-01 6.192000000000000000e+05 1.857594627755852649e+06 -9.927701976748224411e-01 3.940847821568864429e-02
-9.922259545720717444e-01 6.192000000000000000e+05 1.857594627755852649e+06 -9.915193352717036612e-01 3.943828552753073785e-02
-9.922259545720717444e-01 6.192000000000000000e+05 1.857594627755852649e+06 -9.921422286825515302e-01 3.901243805568153228e-02
-9.922259545720717444e-01 6.192000000000000000e+05 1.857594627755852649e+06 -9.928139234500077404e-01 3.913927306831350983e-02
-9.922259545720717444e-01 6.192000000000000000e+05 1.857594627755852649e+06 -9.922869496127950661e-01 3.924814431837096024e-02
-9.922259545720717444e-01 6.192000000000000000e+05 1.857594627755852649e+06 -9.923297238376105334e-01 3.932114819221167734e-02
-9.922259545720717444e-01 6.192000000000000000e+05 1.857594627755852649e+06 -9.920073439926483383e-01 3.937606151516244435e-02
-9.922259545720717444e-01 6.192000000000000000e+05 1.857594627755852649e+06 -9.927912596903035736e-01 3.915574622664070442e-02
-9.922259545720717444e-01 6.192000000000000000e+05 1.857594627755852649e+06 -9.922907994190066638e-01 3.936804269152507918e-02
-9.922259545720717444e-01 6.192000000000000000e+05 1.857594627755852649e+06 -9.927018304267396509e-01 3.931216615598076558e-02
-9.922259545720717444e-01 6.192000000000000000e+05 1.857594627755852649e+06 -9.923776569771401990e-01 3.920401381248380529e-02
-9.922259545720717444e-01 6.192000000000000000e+05 1.857594627755852649e+06 -9.911352625972864594e-01 3.965300970756471116e-02
-9.922259545720717444e-01 6.192000000000000000e+05 1.857594627755852649e+06 -9.920675484499968944e-01 3.933072910275524359e-02
-9.922259545720717444e-01 6.192000000000000000e+05 1.857594627755852649e+06 -9.919714554267587969e-01 3.932857114688948635e-02
-9.922259545720717444e-01 6.192000000000000000e+05 1.857594627755852649e+06 -9.917292451554419186e-01 3.957454076827142397e-02
-9.922259545720717444e-01 6.192000000000000000e+05 1.857594627755852649e+06 -9.927349922484559608e-01 3.920112602789739553e-02
-9.922259545720717444e-01 6.192000000000000000e+05 1.857594627755852649e+06 -9.921125833337186561e-01 3.931220604343357850e-02
-9.922259545720717444e-01 6.192000000000000000e+05 1.857594627755852649e+06 -9.924519360469142848e-01 3.923592705539424158e-02
-9.922259545720717444e-01 6.192000000000000000e+05 1.857594627755852649e+06 -9.929387383725014615e-01 3.924827293748264778e-02
-9.922259545720717444e-01 6.192000000000000000e+05 1.857594627755852649e+06 -9.925891182174558791e-01 3.921245257525223654e-02
-9.922259545720717444e-01 6.192000000000000000e+05 1.857594627755852649e+06 -9.919683333337349085e-01 3.942332854396932845e-02
-9.922259545720717444e-01 6.192000000000000000e+05 1.857594627755852649e+06 -9.920420300391493695e-01 3.929206495491474604e-02
-9.922259545720717444e-01 6.192000000000000000e+05 1.857594627755852649e+06 -9.919527906980649679e-01 3.944300385870346676e-02
-9.922259545720717444e-01 6.192000000000000000e+05 1.857594627755852649e+06 -9.917745135662880962e-01 3.935103105311120453e-02
-9.922259545720717444e-01 6.192000000000000000e+05 1.857594627755852649e+06 -9.923381947678419079e-01 3.932367530237715347e-02
-9.922259545720717444e-01 6.192000000000000000e+05 1.857594627755852649e+06 -9.917760184112621724e-01 3.953826732637242408e-02
-9.922259545720717444e-01 6.192000000000000000e+05 1.857594627755852649e+06 -9.918173120158941813e-01 3.932148058924970352e-02
-9.922259545720717444e-01 6.192000000000000000e+05 1.857594627755852649e+06 -9.926321879848977181e-01 3.925665619618248781e-02
-9.922259545720717444e-01 6.192000000000000000e+05 1.857594627755852649e+06 -9.924661065895449275e-01 3.925129989590610963e-02
-9.922259545720717444e-01 6.192000000000000000e+05 1.857594627755852649e+06 -9.914692470934149959e-01 3.943706017373685424e-02
-9.922259545720717444e-01 6.192000000000000000e+05 1.857594627755852649e+06 -9.917685581399381389e-01 3.958579660887345808e-02
-9.922259545720717444e-01 6.192000000000000000e+05 1.857594627755852649e+06 -9.917057480624106303e-01 3.948309972538878443e-02
-9.922259545720717444e-01 6.192000000000000000e+05 1.857594627755852649e+06 -9.926302722872227813e-01 3.938279051203036341e-02
-9.922259545720717444e-01 6.192000000000000000e+05 1.857594627755852649e+06 -9.925284505817872915e-01 3.921186645619711281e-02
-9.922259545720717444e-01 6.192000000000000000e+05 1.857594627755852649e+06 -9.920266560081391072e-01 3.922581347866951201e-02
-9.922259545720717444e-01 6.192000000000000000e+05 1.857594627755852649e+06 -9.908743255817960005e-01 3.968337023544708103e-02
-9.922259545720717444e-01 6.192000000000000000e+05 1.857594627755852649e+06 -9.927038207368389378e-01 3.933741845622810290e-02
-9.922259545720717444e-01 6.192000000000000000e+05 1.857594627755852649e+06 -9.926130910856652001e-01 3.922139057567013143e-02
-9.922259545720717444e-01 6.192000000000000000e+05 1.857594627755852649e+06 -9.921847945740325247e-01 3.938381287060182395e-02
-9.922259545720717444e-01 6.192000000000000000e+05 1.857594627755852649e+06 -9.925456753880020910e-01 3.909898650381038454e-02
-9.922259545720717444e-01 6.192000000000000000e+05 1.857594627755852649e+06 -9.918866153104614058e-01 3.938128299257017545e-02
-9.922259545720717444e-01 6.192000000000000000e+05 1.857594627755852649e+06 -9.927385591089247230e-01 3.927504902292851957e-02
-9.922259545720717444e-01 6.192000000000000000e+05 1.857594627755852649e+06 -9.921713391476820743e-01 3.936180401171425480e-02
-9.922259545720717444e-01 6.192000000000000000e+05 1.857594627755852649e+06 -9.920910678298595631e-01 3.920457019778550434e-02
-9.922259545720717444e-01 6.192000000000000000e+05 1.857594627755852649e+06 -9.920363207368256830e-01 3.943032416590165623e-02
-9.922259545720717444e-01 6.192000000000000000e+05 1.857594627755852649e+06 -9.916998546515503055e-01 3.940625987294322369e-02
-9.922259545720717444e-01 6.192000000000000000e+05 1.857594627755852649e+06 -9.925119379848881263e-01 3.934129411879275229e-02
-9.922259545720717444e-01 6.192000000000000000e+05 1.857594627755852649e+06 -9.916829195740277658e-01 3.945016536022291631e-02
-9.922259545720717444e-01 6.192000000000000000e+05 1.857594627755852649e+06 -9.922295251941964933e-01 3.943151595266194270e-02
-9.922259545720717444e-01 6.192000000000000000e+05 1.857594627755852649e+06 -9.920309350779040747e-01 3.932092527637982837e-02
-9.922259545720717444e-01 6.192000000000000000e+05 1.857594627755852649e+06 -9.913844699616393141e-01 3.966369447187235997e-02
-9.922259545720717444e-01 6.192000000000000000e+05 1.857594627755852649e+06 -9.921965310081392042e-01 3.920410623731819533e-02
-9.922259545720717444e-01 6.192000000000000000e+05 1.857594627755852649e+06 -9.921101211244387486e-01 3.927930056316627366e-02
-9.922259545720717444e-01 6.192000000000000000e+05 1.857594627755852649e+06 -9.928645591089190203e-01 3.917975205785836218e-02
-9.922259545720717444e-01 6.192000000000000000e+05 1.857594627755852649e+06 -9.922070542639641610e-01 3.937613879044465914e-02
-9.922259545720717444e-01 6.192000000000000000e+05 1.857594627755852649e+06 -9.918427344965130565e-01 3.941861064183772162e-02
-9.922259545720717444e-01 6.192000000000000000e+05 1.857594627755852649e+06 -9.920619544577614635e-01 3.942304525488773276e-02
-9.922259545720717444e-01 6.192000000000000000e+05 1.857594627755852649e+06 -9.916998672484517163e-01 3.948401018220148301e-02
-9.922259545720717444e-01 6.192000000000000000e+05 1.857594627755852649e+06 -9.922503139538804140e-01 3.937694624905938023e-02
-9.922259545720717444e-01 6.192000000000000000e+05 1.857594627755852649e+06 -9.921424525197715116e-01 3.927763028048786298e-02
-9.922259545720717444e-01 6.192000000000000000e+05 1.857594627755852649e+06 -9.925406531011835565e-01 3.945963883898578189e-02
-9.922259545720717444e-01 6.192000000000000000e+05 1.857594627755852649e+06 -9.921004961244158649e-01 3.924836124491460493e-02
-9.922259545720717444e-01 6.192000000000000000e+05 1.857594627755852649e+06 -9.927275784887670262e-01 3.911994410078452333e-02
-9.922259545720717444e-01 6.192000000000000000e+05 1.857594627755852649e+06 -9.921777577523431813e-01 3.940279829054545851e-02
-9.922259545720717444e-01 6.192000000000000000e+05 1.857594627755852649e+06 -9.922780862407019065e-01 3.916366546777875352e-02
-9.922259545720717444e-01 6.192000000000000000e+05 1.857594627755852649e+06 -9.921425339151228595e-01 3.923704380755162896e-02
-9.922259545720717444e-01 6.192000000000000000e+05 1.857594627755852649e+06 -9.920667655042800792e-01 3.938071139930233999e-02
-9.922259545720717444e-01 6.192000000000000000e+05 1.857594627755852649e+06 -9.919650184112567270e-01 3.935264194781015051e-02
-9.922259545720717444e-01 6.192000000000000000e+05 1.857594627755852649e+06 -9.919397480624035923e-01 3.934261364438193520e-02
-9.922259545720717444e-01 6.192000000000000000e+05 1.857594627755852649e+06 -9.922969970934196748e-01 3.926425934727725137e-02
-9.922259545720717444e-01 6.192000000000000000e+05 1.857594627755852649e+06 -9.923921637600834345e-01 3.923441986834103057e-02
-9.922259545720717444e-01 6.192000000000000000e+05 1.857594627755852649e+06 -9.925355406980722606e-01 3.912871127441314850e-02
-9.922259545720717444e-01 6.192000000000000000e+05 1.857594627755852649e+06 -9.925083275197706945e-01 3.933567071277835336e-02
-9.922259545720717444e-01 6.192000000000000000e+05 1.857594627755852649e+06 -9.926103294577666158e-01 3.916163177446323196e-02
-9.922259545720717444e-01 6.192000000000000000e+05 1.857594627755852649e+06 -9.923476327523391705e-01 3.936810632620938583e-02
-9.922259545720717444e-01 6.192000000000000000e+05 1.857594627755852649e+06 -9.932019641476922400e-01 3.913321433904089902e-02
-9.922259545720717444e-01 6.192000000000000000e+05 1.857594627755852649e+06 -9.927000416670535010e-01 3.900821750376506220e-02
-9.922259545720717444e-01 6.192000000000000000e+05 1.857594627755852649e+06 -9.916126240314064866e-01 3.954210486672370822e-02
-9.922259545720717444e-01 6.192000000000000000e+05 1.857594627755852649e+06 -9.919759922484572279e-01 3.934298636019034623e-02
-9.922259545720717444e-01 6.192000000000000000e+05 1.857594627755852649e+06 -9.914859399228761472e-01 3.952734229951539863e-02
-9.922259545720717444e-01 6.192000000000000000e+05 1.857594627755852649e+06 -9.927899069771537466e-01 3.918027716846560204e-02
-9.922259545720717444e-01 6.192000000000000000e+05 1.857594627755852649e+06 -9.918305000003859728e-01 3.936067648853119189e-02
-9.922259545720717444e-01 6.192000000000000000e+05 1.857594627755852649e+06 -9.917219031011718089e-01 3.950375715667417409e-02
-9.922259545720717444e-01 6.192000000000000000e+05 1.857594627755852649e+06 -9.919087722872166335e-01 3.930118279854528940e-02
-9.922259545720717444e-01 6.192000000000000000e+05 1.857594627755852649e+06 -9.921080436050329077e-01 3.922404586963157413e-02
-9.922259545720717444e-01 6.192000000000000000e+05 1.857594627755852649e+06 -9.931091230624118360e-01 3.893663913692042844e-02
-9.922259545720717444e-01 6.192000000000000000e+05 1.857594627755852649e+06 -9.920138071709436733e-01 3.955529821662150114e-02
-9.922259545720717444e-01 6.192000000000000000e+05 1.857594627755852649e+06 -9.927793711244331520e-01 3.900385712627658236e-02
-9.922259545720717444e-01 6.192000000000000000e+05 1.857594627755852649e+06 -9.927871831399361913e-01 3.926863066300929211e-02
-9.922259545720717444e-01 6.192000000000000000e+05 1.857594627755852649e+06 -9.924475571709354682e-01 3.921134690627645081e-02
-9.922259545720717444e-01 6.192000000000000000e+05 1.857594627755852649e+06 -9.924122868220955906e-01 3.923060268644912307e-02
-9.922259545720717444e-01 6.192000000000000000e+05 1.857594627755852649e+06 -9.925502684112565976e-01 3.930178214257377955e-02
-9.922259545720717444e-01 6.192000000000000000e+05 1.857594627755852649e+06 -9.926381240313975063e-01 3.926644260916797857e-02
-9.922259545720717444e-01 6.192000000000000000e+05 1.857594627755852649e+06 -9.927032916670531781e-01 3.917229236345007998e-02
-9.922259545720717444e-01 6.192000000000000000e+05 1.857594627755852649e+06 -9.922047063957571966e-01 3.939798709348430600e-02
-9.922259545720717444e-01 6.192000000000000000e+05 1.857594627755852649e+06 -9.925973032949795272e-01 3.947115243881500757e-02
-9.922259545720717444e-01 6.192000000000000000e+05 1.857594627755852649e+06 -9.923516472872377925e-01 3.916958696737861401e-02
-9.922259545720717444e-01 6.192000000000000000e+05 1.857594627755852649e+06 -9.917428498065922193e-01 3.936046190644265641e-02
