# Energy,SamplesEBS,SamplesHoeffding,E_estim,Var_estim
-1.042996077206851613e+00 8.344140000000000000e+05 2.503237726063689683e+06 -1.042754656320206363e+00 5.033827535636943573e-02
-1.042996077206851613e+00 8.344140000000000000e+05 2.503237726063689683e+06 -1.043595732332803117e+00 5.033559811055005745e-02
-1.042996077206851613e+00 8.344140000000000000e+05 2.503237726063689683e+06 -1.042854651286716727e+00 5.063446007488324463e-02
-1.042996077206851613e+00 8.344140000000000000e+05 2.503237726063689683e+06 -1.042873362861559183e+00 5.030194940741627985e-02
-1.042996077206851613e+00 8.344140000000000000e+05 2.503237726063689683e+06 -1.042501307982337977e+00 5.056844867372648628e-02
-1.042996077206851613e+00 8.344140000000000000e+05 2.503237726063689683e+06 -1.042240942264587522e+00 5.059622796429780883e-02
-1.042996077206851613e+00 8.344140000000000000e+05 2.503237726063689683e+06 -1.043555787413396718e+00 5.014540908318194240e-02
-1.042996077206851613e+00 8.344140000000000000e+05 2.503237726063689683e+06 -1.043736671003566263e+00 4.977608331998410740e-02
-1.042996077206851613e+00 8.344140000000000000e+05 2.503237726063689683e+06 -1.043105208204524015e+00 5.031354472743749390e-02
-1.042996077206851613e+00 8.344140000000000000e+05 2.503237726063689683e+06 -1.042371103551453126e+00 5.056944813129343741e-02
-1.042996077206851613e+00 8.344140000000000000e+05 2.503237726063689683e+06 -1.042863724480600718e+00 5.046451898796049107e-02
-1.042996077206851613e+00 8.344140000000000000e+05 2.503237726063689683e+06 -1.042972197253107192e+00 5.025905650057747170e-02
-1.042996077206851613e+00 8.344140000000000000e+05 2.503237726063689683e+06 -1.043475960133407821e+00 5.034785399734660605e-02
-1.042996077206851613e+00 8.344140000000000000e+05 2.503237726063689683e+06 -1.043040688433744867e+00 5.037536964542200374e-02
-1.042996077206851613e+00 8.344140000000000000e+05 2.503237726063689683e+06 -1.043035595278545724e+00 5.024823555446515655e-02
-1.042996077206851613e+00 8.344140000000000000e+05 2.503237726063689683e+06 -1.042419987918172808e+00 5.061398392223701720e-02
-1.042996077206851613e+00 8.344140000000000000e+05 2.503237726063689683e+06 -1.043270512477942003e+00 5.028606202380572765e-02
-1.042996077206851613e+00 8.344140000000000000e+05 2.503237726063689683e+06 -1.043740914220937732e+00 5.005559504777937208e-02
-1.042996077206851613e+00 8.344140000000000000e+05 2.503237726063689683e+06 -1.043355672362592745e+00 5.031866029926127665e-02
-1.042996077206851613e+00 8.344140000000000000e+05 2.503237726063689683e+06 -1.042833834282229200e+00 5.025175750374535205e-02
-1.042996077206851613e+00 8.344140000000000000e+05 2.503237726063689683e+06 -1.042945754264370972e+00 5.049224157954948500e-02
-1.042996077206851613e+00 8.344140000000000000e+05 2.503237726063689683e+06 -1.042704624321683315e+00 5.046876735742517051e-02
-1.042996077206851613e+00 8.344140000000000000e+05 2.503237726063689683e+06 -1.042714981051064527e+00 5.078609299984036124e-02
-1.042996077206851613e+00 8.344140000000000000e+05 2.503237726063689683e+06 -1.043040716477390051e+00 5.039872811554835241e-02
-1.042996077206851613e+00 8.344140000000000000e+05 2.503237726063689683e+06 -1.043988582644547858e+00 5.007021452249443838e-02
-1.042996077206851613e+00 8.344140000000000000e+05 2.503237726063689683e+06 -1.042562335242167126e+00 5.076398078358509980e-02
-1.042996077206851613e+00 8.344140000000000000e+05 2.503237726063689683e+06 -1.042350228302463711e+00 5.072624383196273901e-02
-1.042996077206851613e+00 8.344140000000000000e+05 2.503237726063689683e+06 -1.042793926035230134e+00 5.061751392529122151e-02
-1.042996077206851613e+00 8.344140000000000000e+05 2.503237726063689683e+06 -1.042280604590482218e+00 5.093394881849477862e-02
-1.042996077206851613e+00 8.344140000000000000e+05 2.503237726063689683e+06 -1.042896084675907442e+00 5.049088557946755651e-02
-1.042996077206851613e+00 8.344140000000000000e+05 2.503237726063689683e+06 -1.043243057761214843e+00 5.027277817176465519e-02
-1.042996077206851613e+00 8.344140000000000000e+05 2.503237726063689683e+06 -1.043237347646065682e+00 5.021704799512603096e-02
-1.042996077206851613e+00 8.344140000000000000e+05 2.503237726063689683e+06 -1.043030461136507547e+00 5.057492403736677661e-02
-1.042996077206851613e+00 8.344140000000000000e+05 2.503237726063689683e+06 -1.043090713960648230e+00 5.025806409422735321e-02
-1.042996077206851613e+00 8.344140000000000000e+05 2.503237726063689683e+06 -1.042499901486275915e+00 5.064173096782276229e-02
-1.042996077206851613e+00 8.344140000000000000e+05 2.503237726063689683e+06 -1.042982193729691476e+00 5.046622431590461894e-02
-1.042996077206851613e+00 8.344140000000000000e+05 2.503237726063689683e+06 -1.043124295132590529e+00 5.018836416049735766e-02
-1.042996077206851613e+00 8.344140000000000000e+05 2.503237726063689683e+06 -1.042914791936320418e+00 5.067368265819803541e-02
-1.042996077206851613e+00 8.344140000000000000e+05 2.503237726063689683e+06 -1.043078079225359556e+00 5.028081832129085993e-02
-1.042996077206851613e+00 8.344140000000000000e+05 2.503237726063689683e+06 -1.043005413857806873e+00 5.018856762885789274e-02
-1.042996077206851613e+00 8.344140000000000000e+05 2.503237726063689683e+06 -1.043862576129767739e+00 5.019565498676926280e-02
-1.042996077206851613e+00 8.344140000000000000e+05 2.503237726063689683e+06 -1.043300529951272537e+00 5.029603926626768917e-02
-1.042996077206851613e+00 8.344140000000000000e+05 2.503237726063689683e+06 -1.042917702002562619e+00 5.046210096219563151e-02
-1.042996077206851613e+00 8.344140000000000000e+05 2.503237726063689683e+06 -1.044264993634755445e+00 4.978494534936477034e-02
-1.042996077206851613e+00 8.344140000000000000e+05 2.503237726063689683e+06 -1.042538616800259721e+00 5.025461088436605772e-02
-1.042996077206851613e+00 8.344140000000000000e+05 2.503237726063689683e+06 -1.043116145221366642e+00 5.075377908504950797e-02
-1.042996077206851613e+00 8.344140000000000000e+05 2.503237726063689683e+06 -1.042932593171681521e+00 5.047681670317029357e-02
-1.042996077206851613e+00 8.344140000000000000e+05 2.503237726063689683e+06 -1.043196110562349954e+00 5.013439447658044751e-02
-1.042996077206851613e+00 8.344140000000000000e+05 2.503237726063689683e+06 -1.043071529958458754e+00 5.061104308149370207e-02
-1.042996077206851613e+00 8.344140000000000000e+05 2.503237726063689683e+06 -1.042370939604019275e+00 5.067538853734173537e-02
-1.042996077206851613e+00 8.344140000000000000e+05 2.503237726063689683e+06 -1.043434175120210305e+00 5.011063301600084813e-02
-1.042996077206851613e+00 8.344140000000000000e+05 2.503237726063689683e+06 -1.042731140655301703e+00 5.069008914253906456e-02
-1.042996077206851613e+00 8.344140000000000000e+05 2.503237726063689683e+06 -1.043520426549344515e+00 5.040189167147408195e-02
-1.042996077206851613e+00 8.344140000000000000e+05 2.503237726063689683e+06 -1.042732072566826762e+00 5.059366294830813793e-02
-1.042996077206851613e+00 8.344140000000000000e+05 2.503237726063689683e+06 -1.043388602059355019e+00 5.048184743333810481e-02
-1.042996077206851613e+00 8.344140000000000000e+05 2.503237726063689683e+06 -1.043089225490899885e+00 5.038205733588350249e-02
-1.042996077206851613e+00 8.344140000000000000e+05 2.503237726063689683e+06 -1.043081297771587534e+00 5.031247993454648904e-02
-1.042996077206851613e+00 8.344140000000000000e+05 2.503237726063689683e+06 -1.042857278759423911e+00 5.044637011533604359e-02
-1.042996077206851613e+00 8.344140000000000000e+05 2.503237726063689683e+06 -1.043587064693018540e+00 5.030521883345787787e-02
-1.042996077206851613e+00 8.344140000000000000e+05 2.503237726063689683e+06 -1.043813734907087509e+00 5.006357986700686602e-02
-1.042996077206851613e+00 8.344140000000000000e+05 2.503237726063689683e+06 -1.042887945550716067e+00 5.064799782921292071e-02
-1.042996077206851613e+00 8.344140000000000000e+05 2.503237726063689683e+06 -1.043441388805511849e+00 5.034029090311643168e-02
-1.042996077206851613e+00 8.344140000000000000e+05 2.503237726063689683e+06 -1.043244809409667129e+00 5.043540402647377074e-02
-1.042996077206851613e+00 8.344140000000000000e+05 2.503237726063689683e+06 -1.042372451803015077e+00 5.059240847776506900e-02
-1.042996077206851613e+00 8.344140000000000000e+05 2.503237726063689683e+06 -1.043585302258530412e+00 5.018238010309883368e-02
-1.042996077206851613e+00 8.344140000000000000e+05 2.503237726063689683e+06 -1.042846658851299901e+00 5.061773381297702407e-02
-1.042996077206851613e+00 8.344140000000000000e+05 2.503237726063689683e+06 -1.042771534272866285e+00 5.068149269923094558e-02
-1.042996077206851613e+00 8.344140000000000000e+05 2.503237726063689683e+06 -1.042625131408096539e+00 5.082277555029122984e-02
-1.042996077206851613e+00 8.344140000000000000e+05 2.503237726063689683e+06 -1.042950886249223164e+00 5.052996162231727234e-02
-1.042996077206851613e+00 8.344140000000000000e+05 2.503237726063689683e+06 -1.042630095131147572e+00 5.063851532254235593e-02
-1.042996077206851613e+00 8.344140000000000000e+05 2.503237726063689683e+06 -1.042022098381333306e+00 5.082388956476282388e-02
-1.042996077206851613e+00 8.344140000000000000e+05 2.503237726063689683e+06 -1.043288044062965936e+00 5.048220643424571746e-02
-1.042996077206851613e+00 8.344140000000000000e+05 2.503237726063689683e+06 -1.042760666286473459e+00 5.051683491869649045e-02
-1.042996077206851613e+00 8.344140000000000000e+05 2.503237726063689683e+06 -1.042328421141989203e+00 5.066034704599092081e-02
-1.042996077206851613e+00 8.344140000000000000e+05 2.503237726063689683e+06 -1.042090291868020380e+00 5.083507549727645652e-02
-1.042996077206851613e+00 8.344140000000000000e+05 2.503237726063689683e+06 -1.043244958256632771e+00 5.040037172902258472e-02
-1.042996077206851613e+00 8.344140000000000000e+05 2.503237726063689683e+06 -1.043790969948659164e+00 4.992626215562919606e-02
-1.042996077206851613e+00 8.344140000000000000e+05 2.503237726063689683e+06 -1.042765110123696548e+00 5.055511614205034088e-02
-1.042996077206851613e+00 8.344140000000000000e+05 2.503237726063689683e+06 -1.043093958393269904e+00 5.048490366145975267e-02
-1.042996077206851613e+00 8.344140000000000000e+05 2.503237726063689683e+06 -1.042803331438285186e+00 5.075212867979914805e-02
-1.042996077206851613e+00 8.344140000000000000e+05 2.503237726063689683e+06 -1.043301513635625399e+00 5.039325787666643769e-02
-1.042996077206851613e+00 8.344140000000000000e+05 2.503237726063689683e+06 -1.042819652832723376e+00 5.065842203530501048e-02
-1.042996077206851613e+00 8.344140000000000000e+05 2.503237726063689683e+06 -1.042530824984677196e+00 5.074339141027164879e-02
-1.042996077206851613e+00 8.344140000000000000e+05 2.503237726063689683e+06 -1.042752583248565790e+00 5.054318196640120164e-02
-1.042996077206851613e+00 8.344140000000000000e+05 2.503237726063689683e+06 -1.043021489331148688e+00 5.034411264800593699e-02
-1.042996077206851613e+00 8.344140000000000000e+05 2.503237726063689683e+06 -1.043211769695542079e+00 5.029811820149979185e-02
-1.042996077206851613e+00 8.344140000000000000e+05 2.503237726063689683e+06 -1.042324816456531744e+00 5.079761308271354275e-02
-1.042996077206851613e+00 8.344140000000000000e+05 2.503237726063689683e+06 -1.043203975722783783e+00 5.017778757383382915e-02
-1.042996077206851613e+00 8.344140000000000000e+05 2.503237726063689683e+06 -1.043644886349879064e+00 5.033099383523873677e-02
-1.042996077206851613e+00 8.344140000000000000e+05 2.503237726063689683e+06 -1.043116841997793642e+00 5.054135381709518732e-02
-1.042996077206851613e+00 8.344140000000000000e+05 2.503237726063689683e+06 -1.042810279787674155e+00 5.055672066581513163e-02
-1.042996077206851613e+00 8.344140000000000000e+05 2.503237726063689683e+06 -1.042287197001454668e+00 5.056300644002318517e-02
-1.042996077206851613e+00 8.344140000000000000e+05 2.503237726063689683e+06 -1.042792929407656333e+00 5.028549214191190692e-02
-1.042996077206851613e+00 8.344140000000000000e+05 2.503237726063689683e+06 -1.042811791986661074e+00 5.061505676578321317e-02
-1.042996077206851613e+00 8.344140000000000000e+05 2.503237726063689683e+06 -1.043828662748627067e+00 5.033297534810158430e-02
-1.042996077206851613e+00 8.344140000000000000e+05 2.503237726063689683e+06 -1.043473986293093514e+00 5.010726573300344072e-02
-1.042996077206851613e+00 8.344140000000000000e+05 2.503237726063689683e+06 -1.043409891491216879e+00 5.023869036225588058e-02
-1.042996077206851613e+00 8.344140000000000000e+05 2.503237726063689683e+06 -1.043332691683939162e+00 5.038279309211349949e-02
-1.042996077206851613e+00 8.344140000000000000e+05 2.503237726063689683e+06 -1.043231309636164950e+00 5.038879692756873668e-02
-1.042996077206851613e+00 8.344140000000000000e+05 2.503237726063689683e+06 -1.042934746059824391e+00 5.050664593062879210e-02
