# Energy,SamplesEBS,SamplesHoeffding,E_estim,Var_estim
-9.632982817818689369e-01 5.063040000000000000e+05 1.518909658132575452e+06 -9.627895714837751973e-01 2.304460368227057021e-02
-9.632982817818689369e-01 5.063040000000000000e+05 1.518909658132575452e+06 -9.631596060874993981e-01 2.298892334109553515e-02
-9.632982817818689369e-01 5.063040000000000000e+05 1.518909658132575452e+06 -9.626545458865046756e-01 2.319317957534544616e-02
-9.632982817818689369e-01 5.063040000000000000e+05 1.518909658132575452e+06 -9.630165457917015948e-01 2.310552399531616910e-02
-9.632982817818689369e-01 5.063040000000000000e+05 1.518909658132575452e+06 -9.629975967018266081e-01 2.301003612403616436e-02
-9.632982817818689369e-01 5.063040000000000000e+05 1.518909658132575452e+06 -9.626304536415315471e-01 2.324012086841950944e-02
-9.632982817818689369e-01 5.063040000000000000e+05 1.518909658132575452e+06 -9.637056930234159102e-01 2.302256293594229578e-02
-9.632982817818689369e-01 5.063040000000000000e+05 1.518909658132575452e+06 -9.630652161557560209e-01 2.301942057940789543e-02
-9.632982817818689369e-01 5.063040000000000000e+05 1.518909658132575452e+06 -9.628582100882437933e-01 2.310608213776431732e-02
-9.632982817818689369e-01 5.063040000000000000e+05 1.518909658132575452e+06 -9.636128436680849729e-01 2.294185040013727375e-02
-9.632982817818689369e-01 5.063040000000000000e+05 1.518909658132575452e+06 -9.632972862164450589e-01 2.302214778219142596e-02
-9.632982817818689369e-01 5.063040000000000000e+05 1.518909658132575452e+06 -9.636432759775378498e-01 2.296811386497129778e-02
-9.632982817818689369e-01 5.063040000000000000e+05 1.518909658132575452e+06 -9.642462931371926782e-01 2.289571540171402714e-02
-9.632982817818689369e-01 5.063040000000000000e+05 1.518909658132575452e+06 -9.629092979722139178e-01 2.308363055508244263e-02
-9.632982817818689369e-01 5.063040000000000000e+05 1.518909658132575452e+06 -9.634847388140893587e-01 2.304694552971460128e-02
-9.632982817818689369e-01 5.063040000000000000e+05 1.518909658132575452e+06 -9.638051194549731582e-01 2.280574654746959223e-02
-9.632982817818689369e-01 5.063040000000000000e+05 1.518909658132575452e+06 -9.630781332964599706e-01 2.308621517490445571e-02
-9.632982817818689369e-01 5.063040000000000000e+05 1.518909658132575452e+06 -9.628780598228010579e-01 2.306939153768169590e-02
-9.632982817818689369e-01 5.063040000000000000e+05 1.518909658132575452e+06 -9.633840206684631813e-01 2.306168907776351071e-02
-9.632982817818689369e-01 5.063040000000000000e+05 1.518909658132575452e+06 -9.631571411652409820e-01 2.308753424350472663e-02
-9.632982817818689369e-01 5.063040000000000000e+05 1.518909658132575452e+06 -9.633432190947104345e-01 2.297296976754943654e-02
-9.632982817818689369e-01 5.063040000000000000e+05 1.518909658132575452e+06 -9.632830299593208023e-01 2.298655490349311645e-02
-9.632982817818689369e-01 5.063040000000000000e+05 1.518909658132575452e+06 -9.634706721663733875e-01 2.289756938239679782e-02
-9.632982817818689369e-01 5.063040000000000000e+05 1.518909658132575452e+06 -9.632905669331648379e-01 2.313735557889016678e-02
-9.632982817818689369e-01 5.063040000000000000e+05 1.518909658132575452e+06 -9.622179702323407913e-01 2.316520509566369693e-02
-9.632982817818689369e-01 5.063040000000000000e+05 1.518909658132575452e+06 -9.634338168383570489e-01 2.303869274135657633e-02
-9.632982817818689369e-01 5.063040000000000000e+05 1.518909658132575452e+06 -9.638129171417476604e-01 2.292797231591836224e-02
-9.632982817818689369e-01 5.063040000000000000e+05 1.518909658132575452e+06 -9.635344401792795832e-01 2.309568816261429666e-02
-9.632982817818689369e-01 5.063040000000000000e+05 1.518909658132575452e+06 -9.637553588368494850e-01 2.297025336513348198e-02
-9.632982817818689369e-01 5.063040000000000000e+05 1.518909658132575452e+06 -9.628501753897223958e-01 2.301692740354892297e-02
-9.632982817818689369e-01 5.063040000000000000e+05 1.518909658132575452e+06 -9.627119738349465550e-01 2.321654885305362431e-02
-9.632982817818689369e-01 5.063040000000000000e+05 1.518909658132575452e+06 -9.635199469104224201e-01 2.292818242648589008e-02
-9.632982817818689369e-01 5.063040000000000000e+05 1.518909658132575452e+06 -9.629356062771070590e-01 2.312904593027514943e-02
-9.632982817818689369e-01 5.063040000000000000e+05 1.518909658132575452e+06 -9.636516069407433660e-01 2.308675345087735087e-02
-9.632982817818689369e-01 5.063040000000000000e+05 1.518909658132575452e+06 -9.626065865577224656e-01 2.326305140577473660e-02
-9.632982817818689369e-01 5.063040000000000000e+05 1.518909658132575452e+06 -9.632934347754156246e-01 2.305663012748829580e-02
-9.632982817818689369e-01 5.063040000000000000e+05 1.518909658132575452e+06 -9.622766898948400538e-01 2.322368614893907321e-02
-9.632982817818689369e-01 5.063040000000000000e+05 1.518909658132575452e+06 -9.640930650370769239e-01 2.286738329770234696e-02
-9.632982817818689369e-01 5.063040000000000000e+05 1.518909658132575452e+06 -9.631876208770321357e-01 2.310695297432298692e-02
-9.632982817818689369e-01 5.063040000000000000e+05 1.518909658132575452e+06 -9.633603787458278056e-01 2.306546777948653357e-02
-9.632982817818689369e-01 5.063040000000000000e+05 1.518909658132575452e+06 -9.637576697014641480e-01 2.297394216637383899e-02
-9.632982817818689369e-01 5.063040000000000000e+05 1.518909658132575452e+06 -9.634377749346776376e-01 2.305670599380970492e-02
-9.632982817818689369e-01 5.063040000000000000e+05 1.518909658132575452e+06 -9.641172402361679605e-01 2.294610478919328553e-02
-9.632982817818689369e-01 5.063040000000000000e+05 1.518909658132575452e+06 -9.632779460571664343e-01 2.311409722229592831e-02
-9.632982817818689369e-01 5.063040000000000000e+05 1.518909658132575452e+06 -9.632174132547274281e-01 2.304150660322170849e-02
-9.632982817818689369e-01 5.063040000000000000e+05 1.518909658132575452e+06 -9.632374407481064660e-01 2.301031810424688032e-02
-9.632982817818689369e-01 5.063040000000000000e+05 1.518909658132575452e+06 -9.631787921891262760e-01 2.309202714140189475e-02
-9.632982817818689369e-01 5.063040000000000000e+05 1.518909658132575452e+06 -9.626742178622358370e-01 2.310628100219110082e-02
-9.632982817818689369e-01 5.063040000000000000e+05 1.518909658132575452e+06 -9.629127701944372175e-01 2.311069266952456985e-02
-9.632982817818689369e-01 5.063040000000000000e+05 1.518909658132575452e+06 -9.632966699858717119e-01 2.307990238689175064e-02
-9.632982817818689369e-01 5.063040000000000000e+05 1.518909658132575452e+06 -9.628244003612952406e-01 2.310401086420525371e-02
-9.632982817818689369e-01 5.063040000000000000e+05 1.518909658132575452e+06 -9.634135997355884884e-01 2.306968645568067619e-02
-9.632982817818689369e-01 5.063040000000000000e+05 1.518909658132575452e+06 -9.634737177674408404e-01 2.300632243828764148e-02
-9.632982817818689369e-01 5.063040000000000000e+05 1.518909658132575452e+06 -9.638091249536533400e-01 2.302661978910326354e-02
-9.632982817818689369e-01 5.063040000000000000e+05 1.518909658132575452e+06 -9.641031972896415558e-01 2.290237392022574300e-02
-9.632982817818689369e-01 5.063040000000000000e+05 1.518909658132575452e+06 -9.638752156817474992e-01 2.302538083400273647e-02
-9.632982817818689369e-01 5.063040000000000000e+05 1.518909658132575452e+06 -9.635728479343036446e-01 2.302765552447063810e-02
-9.632982817818689369e-01 5.063040000000000000e+05 1.518909658132575452e+06 -9.628329801868498183e-01 2.305087642982496174e-02
-9.632982817818689369e-01 5.063040000000000000e+05 1.518909658132575452e+06 -9.631466296938632210e-01 2.308305039588900293e-02
-9.632982817818689369e-01 5.063040000000000000e+05 1.518909658132575452e+06 -9.632201151887596069e-01 2.305437078927141670e-02
-9.632982817818689369e-01 5.063040000000000000e+05 1.518909658132575452e+06 -9.631647136908290108e-01 2.305120133167597868e-02
-9.632982817818689369e-01 5.063040000000000000e+05 1.518909658132575452e+06 -9.633275644682349759e-01 2.303738588568924120e-02
-9.632982817818689369e-01 5.063040000000000000e+05 1.518909658132575452e+06 -9.629341960571589087e-01 2.310241685120765012e-02
-9.632982817818689369e-01 5.063040000000000000e+05 1.518909658132575452e+06 -9.628877536036304363e-01 2.315351199209045654e-02
-9.632982817818689369e-01 5.063040000000000000e+05 1.518909658132575452e+06 -9.627996918857432140e-01 2.307524193701419174e-02
-9.632982817818689369e-01 5.063040000000000000e+05 1.518909658132575452e+06 -9.637494572441216434e-01 2.293090835809287811e-02
-9.632982817818689369e-01 5.063040000000000000e+05 1.518909658132575452e+06 -9.635023724887278318e-01 2.299845401156666580e-02
-9.632982817818689369e-01 5.063040000000000000e+05 1.518909658132575452e+06 -9.627731228679232700e-01 2.312151905340107880e-02
-9.632982817818689369e-01 5.063040000000000000e+05 1.518909658132575452e+06 -9.637405930044720126e-01 2.292125971537946338e-02
-9.632982817818689369e-01 5.063040000000000000e+05 1.518909658132575452e+06 -9.632297378660357179e-01 2.303435960129388352e-02
-9.632982817818689369e-01 5.063040000000000000e+05 1.518909658132575452e+06 -9.627012609035796586e-01 2.313725509496344576e-02
-9.632982817818689369e-01 5.063040000000000000e+05 1.518909658132575452e+06 -9.629248103916312473e-01 2.311400088283813853e-02
-9.632982817818689369e-01 5.063040000000000000e+05 1.518909658132575452e+06 -9.633392372972121587e-01 2.304646356320002795e-02
-9.632982817818689369e-01 5.063040000000000000e+05 1.518909658132575452e+06 -9.636769553480277750e-01 2.301626276970444168e-02
-9.632982817818689369e-01 5.063040000000000000e+05 1.518909658132575452e+06 -9.635808589316537942e-01 2.294196367350685370e-02
-9.632982817818689369e-01 5.063040000000000000e+05 1.518909658132575452e+06 -9.639204493753351644e-01 2.290997784818794500e-02
-9.632982817818689369e-01 5.063040000000000000e+05 1.518909658132575452e+06 -9.638252536036177043e-01 2.288711806436824134e-02
-9.632982817818689369e-01 5.063040000000000000e+05 1.518909658132575452e+06 -9.629445060685468682e-01 2.319273393368383868e-02
-9.632982817818689369e-01 5.063040000000000000e+05 1.518909658132575452e+06 -9.638363813055603746e-01 2.297361989381145955e-02
-9.632982817818689369e-01 5.063040000000000000e+05 1.518909658132575452e+06 -9.634661926442014135e-01 2.300094901626957219e-02
-9.632982817818689369e-01 5.063040000000000000e+05 1.518909658132575452e+06 -9.633606631599319625e-01 2.302817002690446882e-02
-9.632982817818689369e-01 5.063040000000000000e+05 1.518909658132575452e+06 -9.632576341496884575e-01 2.305054543295885147e-02
-9.632982817818689369e-01 5.063040000000000000e+05 1.518909658132575452e+06 -9.633233930613358531e-01 2.313100084521372071e-02
-9.632982817818689369e-01 5.063040000000000000e+05 1.518909658132575452e+06 -9.632476441041888382e-01 2.320356004066755073e-02
-9.632982817818689369e-01 5.063040000000000000e+05 1.518909658132575452e+06 -9.627546478015540643e-01 2.318708016895619159e-02
-9.632982817818689369e-01 5.063040000000000000e+05 1.518909658132575452e+06 -9.629805555565794650e-01 2.300718084762447616e-02
-9.632982817818689369e-01 5.063040000000000000e+05 1.518909658132575452e+06 -9.626665860836993716e-01 2.320126195317953263e-02
-9.632982817818689369e-01 5.063040000000000000e+05 1.518909658132575452e+06 -9.635955062581555985e-01 2.295600594021271826e-02
-9.632982817818689369e-01 5.063040000000000000e+05 1.518909658132575452e+06 -9.634427995839042191e-01 2.303756197911922474e-02
-9.632982817818689369e-01 5.063040000000000000e+05 1.518909658132575452e+06 -9.627956626859034417e-01 2.313065640098565037e-02
-9.632982817818689369e-01 5.063040000000000000e+05 1.518909658132575452e+06 -9.627715348891653369e-01 2.312766104305705173e-02
-9.632982817818689369e-01 5.063040000000000000e+05 1.518909658132575452e+06 -9.639232935164144811e-01 2.284164000372439912e-02
-9.632982817818689369e-01 5.063040000000000000e+05 1.518909658132575452e+06 -9.632192856476056164e-01 2.311310427103105414e-02
-9.632982817818689369e-01 5.063040000000000000e+05 1.518909658132575452e+06 -9.631097743658509902e-01 2.306520628438177983e-02
-9.632982817818689369e-01 5.063040000000000000e+05 1.518909658132575452e+06 -9.635755498683178377e-01 2.301885132655686131e-02
-9.632982817818689369e-01 5.063040000000000000e+05 1.518909658132575452e+06 -9.638393202513340086e-01 2.301281908827449568e-02
-9.632982817818689369e-01 5.063040000000000000e+05 1.518909658132575452e+06 -9.635357200427587809e-01 2.294101988294690656e-02
-9.632982817818689369e-01 5.063040000000000000e+05 1.518909658132575452e+06 -9.633478408239422031e-01 2.303276847803921099e-02
-9.632982817818689369e-01 5.063040000000000000e+05 1.518909658132575452e+06 -9.633807973085874998e-01 2.303229101807764689e-02
-9.632982817818689369e-01 5.063040000000000000e+05 1.518909658132575452e+06 -9.634226180328973044e-01 2.302661415171482207e-02
