# Energy,SamplesEBS,SamplesHoeffding,E_estim,Var_estim
-1.032929756778952157e+00 7.895310000000000000e+05 2.368585083748817910e+06 -1.034134267814324382e+00 4.897764467582816500e-02
-1.032929756778952157e+00 7.895310000000000000e+05 2.368585083748817910e+06 -1.032895861722643804e+00 4.927146172532088225e-02
-1.032929756778952157e+00 7.895310000000000000e+05 2.368585083748817910e+06 -1.033026724222011694e+00 4.922027496870195334e-02
-1.032929756778952157e+00 7.895310000000000000e+05 2.368585083748817910e+06 -1.033258127422137962e+00 4.904448360678150681e-02
-1.032929756778952157e+00 7.895310000000000000e+05 2.368585083748817910e+06 -1.033262535102136948e+00 4.908014608372458093e-02
-1.032929756778952157e+00 7.895310000000000000e+05 2.368585083748817910e+06 -1.032249984613323512e+00 4.973680079483883132e-02
-1.032929756778952157e+00 7.895310000000000000e+05 2.368585083748817910e+06 -1.032763175355656093e+00 4.931540323052873570e-02
-1.032929756778952157e+00 7.895310000000000000e+05 2.368585083748817910e+06 -1.033185324707600827e+00 4.929574354136120190e-02
-1.032929756778952157e+00 7.895310000000000000e+05 2.368585083748817910e+06 -1.033150063267596508e+00 4.912272098763399708e-02
-1.032929756778952157e+00 7.895310000000000000e+05 2.368585083748817910e+06 -1.033043367013763980e+00 4.929647382042295217e-02
-1.032929756778952157e+00 7.895310000000000000e+05 2.368585083748817910e+06 -1.033598126738173750e+00 4.920788193481345774e-02
-1.032929756778952157e+00 7.895310000000000000e+05 2.368585083748817910e+06 -1.032413296756855559e+00 4.949434627074448395e-02
-1.032929756778952157e+00 7.895310000000000000e+05 2.368585083748817910e+06 -1.032888794235740315e+00 4.917685449464659353e-02
-1.032929756778952157e+00 7.895310000000000000e+05 2.368585083748817910e+06 -1.033348940829090123e+00 4.909932588369539386e-02
-1.032929756778952157e+00 7.895310000000000000e+05 2.368585083748817910e+06 -1.032371499791316705e+00 4.947129034148702725e-02
-1.032929756778952157e+00 7.895310000000000000e+05 2.368585083748817910e+06 -1.033592807124404045e+00 4.902483632012002296e-02
-1.032929756778952157e+00 7.895310000000000000e+05 2.368585083748817910e+06 -1.034277745397873538e+00 4.854785227219433202e-02
-1.032929756778952157e+00 7.895310000000000000e+05 2.368585083748817910e+06 -1.032756031874270120e+00 4.944570493018802387e-02
-1.032929756778952157e+00 7.895310000000000000e+05 2.368585083748817910e+06 -1.032901485314378087e+00 4.927822919623867787e-02
-1.032929756778952157e+00 7.895310000000000000e+05 2.368585083748817910e+06 -1.033132964508965745e+00 4.907811081658870755e-02
-1.032929756778952157e+00 7.895310000000000000e+05 2.368585083748817910e+06 -1.033250375984889002e+00 4.911701647203965682e-02
-1.032929756778952157e+00 7.895310000000000000e+05 2.368585083748817910e+06 -1.033015629027522753e+00 4.930988032660551385e-02
-1.032929756778952157e+00 7.895310000000000000e+05 2.368585083748817910e+06 -1.032938798605402164e+00 4.950259081132457606e-02
-1.032929756778952157e+00 7.895310000000000000e+05 2.368585083748817910e+06 -1.033435042578109142e+00 4.898527728859543989e-02
-1.032929756778952157e+00 7.895310000000000000e+05 2.368585083748817910e+06 -1.032414132696182429e+00 4.934157307700862832e-02
-1.032929756778952157e+00 7.895310000000000000e+05 2.368585083748817910e+06 -1.033096639146180884e+00 4.933886256830834205e-02
-1.032929756778952157e+00 7.895310000000000000e+05 2.368585083748817910e+06 -1.032985915184760017e+00 4.951006494859157281e-02
-1.032929756778952157e+00 7.895310000000000000e+05 2.368585083748817910e+06 -1.033217014406950129e+00 4.926601489016064345e-02
-1.032929756778952157e+00 7.895310000000000000e+05 2.368585083748817910e+06 -1.032316251802307239e+00 4.963813835159563981e-02
-1.032929756778952157e+00 7.895310000000000000e+05 2.368585083748817910e+06 -1.033690991996173647e+00 4.906433503820507164e-02
-1.032929756778952157e+00 7.895310000000000000e+05 2.368585083748817910e+06 -1.033271882423523857e+00 4.926198697093557566e-02
-1.032929756778952157e+00 7.895310000000000000e+05 2.368585083748817910e+06 -1.032480171901720034e+00 4.926739166603780889e-02
-1.032929756778952157e+00 7.895310000000000000e+05 2.368585083748817910e+06 -1.032232581876756594e+00 4.945672660172993618e-02
-1.032929756778952157e+00 7.895310000000000000e+05 2.368585083748817910e+06 -1.032625929319713753e+00 4.932325786188007655e-02
-1.032929756778952157e+00 7.895310000000000000e+05 2.368585083748817910e+06 -1.033711510506533982e+00 4.891842852122299523e-02
-1.032929756778952157e+00 7.895310000000000000e+05 2.368585083748817910e+06 -1.033522740211235247e+00 4.920647280176275451e-02
-1.032929756778952157e+00 7.895310000000000000e+05 2.368585083748817910e+06 -1.032444378500328996e+00 4.956608655183370599e-02
-1.032929756778952157e+00 7.895310000000000000e+05 2.368585083748817910e+06 -1.033111458070327560e+00 4.933900113877551924e-02
-1.032929756778952157e+00 7.895310000000000000e+05 2.368585083748817910e+06 -1.032758767675666878e+00 4.936861375676816072e-02
-1.032929756778952157e+00 7.895310000000000000e+05 2.368585083748817910e+06 -1.033525476012641109e+00 4.890029575402328466e-02
-1.032929756778952157e+00 7.895310000000000000e+05 2.368585083748817910e+06 -1.033162982329669521e+00 4.938372736984555922e-02
-1.032929756778952157e+00 7.895310000000000000e+05 2.368585083748817910e+06 -1.033117537628963412e+00 4.920657855315414830e-02
-1.032929756778952157e+00 7.895310000000000000e+05 2.368585083748817910e+06 -1.032560194092094763e+00 4.933743605417471173e-02
-1.032929756778952157e+00 7.895310000000000000e+05 2.368585083748817910e+06 -1.032652679377690896e+00 4.923799631293454548e-02
-1.032929756778952157e+00 7.895310000000000000e+05 2.368585083748817910e+06 -1.033164806197257590e+00 4.911992435840609184e-02
-1.032929756778952157e+00 7.895310000000000000e+05 2.368585083748817910e+06 -1.033253567753167568e+00 4.923955904692276647e-02
-1.032929756778952157e+00 7.895310000000000000e+05 2.368585083748817910e+06 -1.032888490257807712e+00 4.944021181515746016e-02
-1.032929756778952157e+00 7.895310000000000000e+05 2.368585083748817910e+06 -1.033792368636228032e+00 4.910989010378186831e-02
-1.032929756778952157e+00 7.895310000000000000e+05 2.368585083748817910e+06 -1.033466504293987676e+00 4.917240313286617981e-02
-1.032929756778952157e+00 7.895310000000000000e+05 2.368585083748817910e+06 -1.032619925755600132e+00 4.943473365166042161e-02
-1.032929756778952157e+00 7.895310000000000000e+05 2.368585083748817910e+06 -1.033208351035922457e+00 4.906061954192666996e-02
-1.032929756778952157e+00 7.895310000000000000e+05 2.368585083748817910e+06 -1.033189352415199602e+00 4.936876765770192160e-02
-1.032929756778952157e+00 7.895310000000000000e+05 2.368585083748817910e+06 -1.033219294241439989e+00 4.918670088818000163e-02
-1.032929756778952157e+00 7.895310000000000000e+05 2.368585083748817910e+06 -1.032050651084940984e+00 4.954881928949213948e-02
-1.032929756778952157e+00 7.895310000000000000e+05 2.368585083748817910e+06 -1.033182664900713865e+00 4.929769363404624960e-02
-1.032929756778952157e+00 7.895310000000000000e+05 2.368585083748817910e+06 -1.033368471411165501e+00 4.930257223024883673e-02
-1.032929756778952157e+00 7.895310000000000000e+05 2.368585083748817910e+06 -1.032385634765118798e+00 4.943926206937923618e-02
-1.032929756778952157e+00 7.895310000000000000e+05 2.368585083748817910e+06 -1.032607994621783876e+00 4.950951375193705234e-02
-1.032929756778952157e+00 7.895310000000000000e+05 2.368585083748817910e+06 -1.033123617187571286e+00 4.906689991282396635e-02
-1.032929756778952157e+00 7.895310000000000000e+05 2.368585083748817910e+06 -1.032533672017595716e+00 4.947372560635826533e-02
-1.032929756778952157e+00 7.895310000000000000e+05 2.368585083748817910e+06 -1.032337986224406867e+00 4.927440154336993478e-02
-1.032929756778952157e+00 7.895310000000000000e+05 2.368585083748817910e+06 -1.032534203978971554e+00 4.939170816744598014e-02
-1.032929756778952157e+00 7.895310000000000000e+05 2.368585083748817910e+06 -1.032630564983183064e+00 4.944904748964770030e-02
-1.032929756778952157e+00 7.895310000000000000e+05 2.368585083748817910e+06 -1.033377894727029345e+00 4.910127304268104009e-02
-1.032929756778952157e+00 7.895310000000000000e+05 2.368585083748817910e+06 -1.032866527852276395e+00 4.934005104063633046e-02
-1.032929756778952157e+00 7.895310000000000000e+05 2.368585083748817910e+06 -1.033111382075849738e+00 4.937452086875419172e-02
-1.032929756778952157e+00 7.895310000000000000e+05 2.368585083748817910e+06 -1.032754435990140829e+00 4.941763569285826524e-02
-1.032929756778952157e+00 7.895310000000000000e+05 2.368585083748817910e+06 -1.031977544392490120e+00 4.938106423006646123e-02
-1.032929756778952157e+00 7.895310000000000000e+05 2.368585083748817910e+06 -1.033296352646997152e+00 4.906126406522199473e-02
-1.032929756778952157e+00 7.895310000000000000e+05 2.368585083748817910e+06 -1.032444758472725876e+00 4.947937207591854986e-02
-1.032929756778952157e+00 7.895310000000000000e+05 2.368585083748817910e+06 -1.033049522566848788e+00 4.937025347175529044e-02
-1.032929756778952157e+00 7.895310000000000000e+05 2.368585083748817910e+06 -1.033050054528221517e+00 4.928933892810127837e-02
-1.032929756778952157e+00 7.895310000000000000e+05 2.368585083748817910e+06 -1.033133192492423191e+00 4.926727463103389160e-02
-1.032929756778952157e+00 7.895310000000000000e+05 2.368585083748817910e+06 -1.032939254572311505e+00 4.919384076813716061e-02
-1.032929756778952157e+00 7.895310000000000000e+05 2.368585083748817910e+06 -1.033746999929983312e+00 4.884043457615355743e-02
-1.032929756778952157e+00 7.895310000000000000e+05 2.368585083748817910e+06 -1.033055602125489303e+00 4.925923176689062793e-02
-1.032929756778952157e+00 7.895310000000000000e+05 2.368585083748817910e+06 -1.032478576017573424e+00 4.927586895376127873e-02
-1.032929756778952157e+00 7.895310000000000000e+05 2.368585083748817910e+06 -1.033482919102254538e+00 4.917903034237984528e-02
-1.032929756778952157e+00 7.895310000000000000e+05 2.368585083748817910e+06 -1.033392105695303043e+00 4.937359076237574779e-02
-1.032929756778952157e+00 7.895310000000000000e+05 2.368585083748817910e+06 -1.032645459901814888e+00 4.934513293050218907e-02
-1.032929756778952157e+00 7.895310000000000000e+05 2.368585083748817910e+06 -1.032857712492277980e+00 4.912062349495401742e-02
-1.032929756778952157e+00 7.895310000000000000e+05 2.368585083748817910e+06 -1.032664154544595592e+00 4.912906133087545368e-02
-1.032929756778952157e+00 7.895310000000000000e+05 2.368585083748817910e+06 -1.033208275041429536e+00 4.898325361316673010e-02
-1.032929756778952157e+00 7.895310000000000000e+05 2.368585083748817910e+06 -1.033130152713106265e+00 4.906376082535278405e-02
-1.032929756778952157e+00 7.895310000000000000e+05 2.368585083748817910e+06 -1.032723354246688707e+00 4.931264417510589082e-02
-1.032929756778952157e+00 7.895310000000000000e+05 2.368585083748817910e+06 -1.033518636509169308e+00 4.898128535566833447e-02
-1.032929756778952157e+00 7.895310000000000000e+05 2.368585083748817910e+06 -1.032674337805266074e+00 4.949903712213708784e-02
-1.032929756778952157e+00 7.895310000000000000e+05 2.368585083748817910e+06 -1.033094435306191272e+00 4.901661378735326646e-02
-1.032929756778952157e+00 7.895310000000000000e+05 2.368585083748817910e+06 -1.032146860100162211e+00 4.951123935445402718e-02
-1.032929756778952157e+00 7.895310000000000000e+05 2.368585083748817910e+06 -1.032873367355727989e+00 4.932333761763687402e-02
-1.032929756778952157e+00 7.895310000000000000e+05 2.368585083748817910e+06 -1.033499029932615221e+00 4.904963482202918945e-02
-1.032929756778952157e+00 7.895310000000000000e+05 2.368585083748817910e+06 -1.032899509457810172e+00 4.920546508597514745e-02
-1.032929756778952157e+00 7.895310000000000000e+05 2.368585083748817910e+06 -1.032728825849434484e+00 4.946257804772628136e-02
-1.032929756778952157e+00 7.895310000000000000e+05 2.368585083748817910e+06 -1.032412156839601192e+00 4.968336763909148718e-02
-1.032929756778952157e+00 7.895310000000000000e+05 2.368585083748817910e+06 -1.032965472668872842e+00 4.950532941976915069e-02
-1.032929756778952157e+00 7.895310000000000000e+05 2.368585083748817910e+06 -1.033573732509205589e+00 4.899729350477523976e-02
-1.032929756778952157e+00 7.895310000000000000e+05 2.368585083748817910e+06 -1.033060161794455922e+00 4.940709517800479650e-02
-1.032929756778952157e+00 7.895310000000000000e+05 2.368585083748817910e+06 -1.032885450478481237e+00 4.929584781218002837e-02
-1.032929756778952157e+00 7.895310000000000000e+05 2.368585083748817910e+06 -1.033569400823686202e+00 4.899593188810839883e-02
-1.032929756778952157e+00 7.895310000000000000e+05 2.368585083748817910e+06 -1.033406316663602942e+00 4.924973821465326862e-02
