# Energy,SamplesEBS,SamplesHoeffding,E_estim,Var_estim
-9.858045727517246171e-01 5.930700000000000000e+05 1.779206611986635486e+06 -9.855326501128929273e-01 3.666498539876535817e-02
-9.858045727517246171e-01 5.930700000000000000e+05 1.779206611986635486e+06 -9.849790803825008156e-01 3.683420622728074412e-02
-9.858045727517246171e-01 5.930700000000000000e+05 1.779206611986635486e+06 -9.859639354586379190e-01 3.648391296397033440e-02
-9.858045727517246171e-01 5.930700000000000000e+05 1.779206611986635486e+06 -9.863344772159461371e-01 3.651938355260156421e-02
-9.858045727517246171e-01 5.930700000000000000e+05 1.779206611986635486e+06 -9.856674237483910028e-01 3.672560297178340677e-02
-9.858045727517246171e-01 5.930700000000000000e+05 1.779206611986635486e+06 -9.848882917740821030e-01 3.694162538401290358e-02
-9.858045727517246171e-01 5.930700000000000000e+05 1.779206611986635486e+06 -9.852153786272310754e-01 3.678816168135706083e-02
-9.858045727517246171e-01 5.930700000000000000e+05 1.779206611986635486e+06 -9.866506115677209365e-01 3.642802018175621964e-02
-9.858045727517246171e-01 5.930700000000000000e+05 1.779206611986635486e+06 -9.855647397481824834e-01 3.670433413571230763e-02
-9.858045727517246171e-01 5.930700000000000000e+05 1.779206611986635486e+06 -9.858195589094957967e-01 3.665926507996639799e-02
-9.858045727517246171e-01 5.930700000000000000e+05 1.779206611986635486e+06 -9.858670514483098835e-01 3.666448841456122765e-02
-9.858045727517246171e-01 5.930700000000000000e+05 1.779206611986635486e+06 -9.860023289029268279e-01 3.667375822705286337e-02
-9.858045727517246171e-01 5.930700000000000000e+05 1.779206611986635486e+06 -9.856902372442652993e-01 3.675404299701964805e-02
-9.858045727517246171e-01 5.930700000000000000e+05 1.779206611986635486e+06 -9.861774394295103052e-01 3.645077528339928791e-02
-9.858045727517246171e-01 5.930700000000000000e+05 1.779206611986635486e+06 -9.862583985068567038e-01 3.651269310715714311e-02
-9.858045727517246171e-01 5.930700000000000000e+05 1.779206611986635486e+06 -9.852408012586177932e-01 3.693522155808910690e-02
-9.858045727517246171e-01 5.930700000000000000e+05 1.779206611986635486e+06 -9.861730345531939390e-01 3.647453339757226326e-02
-9.858045727517246171e-01 5.930700000000000000e+05 1.779206611986635486e+06 -9.857607051485647309e-01 3.665253179514166987e-02
-9.858045727517246171e-01 5.930700000000000000e+05 1.779206611986635486e+06 -9.857750973788147464e-01 3.662915609985600840e-02
-9.858045727517246171e-01 5.930700000000000000e+05 1.779206611986635486e+06 -9.862500642461453637e-01 3.646939616126369105e-02
-9.858045727517246171e-01 5.930700000000000000e+05 1.779206611986635486e+06 -9.863782447307331003e-01 3.648683032872324095e-02
-9.858045727517246171e-01 5.930700000000000000e+05 1.779206611986635486e+06 -9.854745672558875569e-01 3.669124230609350362e-02
-9.858045727517246171e-01 5.930700000000000000e+05 1.779206611986635486e+06 -9.856070524600016869e-01 3.676759945908733562e-02
-9.858045727517246171e-01 5.930700000000000000e+05 1.779206611986635486e+06 -9.859532945562168305e-01 3.649928311063985187e-02
-9.858045727517246171e-01 5.930700000000000000e+05 1.779206611986635486e+06 -9.847060974293914137e-01 3.689209288230599348e-02
-9.858045727517246171e-01 5.930700000000000000e+05 1.779206611986635486e+06 -9.855413870242216712e-01 3.672345640708229997e-02
-9.858045727517246171e-01 5.930700000000000000e+05 1.779206611986635486e+06 -9.855234184876203729e-01 3.678540389835510682e-02
-9.858045727517246171e-01 5.930700000000000000e+05 1.779206611986635486e+06 -9.860064383672350052e-01 3.645000017434076034e-02
-9.858045727517246171e-01 5.930700000000000000e+05 1.779206611986635486e+06 -9.860442106369395887e-01 3.657729594675992318e-02
-9.858045727517246171e-01 5.930700000000000000e+05 1.779206611986635486e+06 -9.861340978340716878e-01 3.673784780212055456e-02
-9.858045727517246171e-01 5.930700000000000000e+05 1.779206611986635486e+06 -9.854281349628999376e-01 3.680141059509316193e-02
-9.858045727517246171e-01 5.930700000000000000e+05 1.779206611986635486e+06 -9.863347351956056608e-01 3.644332100764581528e-02
-9.858045727517246171e-01 5.930700000000000000e+05 1.779206611986635486e+06 -9.860236956893044802e-01 3.650947213481739451e-02
-9.858045727517246171e-01 5.930700000000000000e+05 1.779206611986635486e+06 -9.854855379676085159e-01 3.676740836552809533e-02
-9.858045727517246171e-01 5.930700000000000000e+05 1.779206611986635486e+06 -9.858729192210945458e-01 3.664523451188621272e-02
-9.858045727517246171e-01 5.930700000000000000e+05 1.779206611986635486e+06 -9.859590055178197865e-01 3.678374409518221644e-02
-9.858045727517246171e-01 5.930700000000000000e+05 1.779206611986635486e+06 -9.869891547413676136e-01 3.635647181769235264e-02
-9.858045727517246171e-01 5.930700000000000000e+05 1.779206611986635486e+06 -9.854298022197284235e-01 3.660749338788343160e-02
-9.858045727517246171e-01 5.930700000000000000e+05 1.779206611986635486e+06 -9.855182619293795243e-01 3.678288667569188514e-02
-9.858045727517246171e-01 5.930700000000000000e+05 1.779206611986635486e+06 -9.854415215783145499e-01 3.675317725394099816e-02
-9.858045727517246171e-01 5.930700000000000000e+05 1.779206611986635486e+06 -9.856675330103652488e-01 3.658390563164257148e-02
-9.858045727517246171e-01 5.930700000000000000e+05 1.779206611986635486e+06 -9.861389468400866276e-01 3.664042246079814852e-02
-9.858045727517246171e-01 5.930700000000000000e+05 1.779206611986635486e+06 -9.856093955223755865e-01 3.676930009180477688e-02
-9.858045727517246171e-01 5.930700000000000000e+05 1.779206611986635486e+06 -9.861712398240629618e-01 3.655790756724532076e-02
-9.858045727517246171e-01 5.930700000000000000e+05 1.779206611986635486e+06 -9.854839840195139811e-01 3.670970418126585921e-02
-9.858045727517246171e-01 5.930700000000000000e+05 1.779206611986635486e+06 -9.855297951379268229e-01 3.675960636950405258e-02
-9.858045727517246171e-01 5.930700000000000000e+05 1.779206611986635486e+06 -9.861343153463399958e-01 3.662903958668170534e-02
-9.858045727517246171e-01 5.930700000000000000e+05 1.779206611986635486e+06 -9.863315453529214460e-01 3.647951438652081990e-02
-9.858045727517246171e-01 5.930700000000000000e+05 1.779206611986635486e+06 -9.860670686469659163e-01 3.663290745954666389e-02
-9.858045727517246171e-01 5.930700000000000000e+05 1.779206611986635486e+06 -9.857095604270272871e-01 3.673925680807135080e-02
-9.858045727517246171e-01 5.930700000000000000e+05 1.779206611986635486e+06 -9.853812261662987515e-01 3.667288416787324590e-02
-9.858045727517246171e-01 5.930700000000000000e+05 1.779206611986635486e+06 -9.860094794922356076e-01 3.655826724691473711e-02
-9.858045727517246171e-01 5.930700000000000000e+05 1.779206611986635486e+06 -9.854540877172186519e-01 3.684219038996464080e-02
-9.858045727517246171e-01 5.930700000000000000e+05 1.779206611986635486e+06 -9.859975841004535724e-01 3.665712545577245324e-02
-9.858045727517246171e-01 5.930700000000000000e+05 1.779206611986635486e+06 -9.857538216440770995e-01 3.660440543913807271e-02
-9.858045727517246171e-01 5.930700000000000000e+05 1.779206611986635486e+06 -9.853050847327439188e-01 3.673413954367151651e-02
-9.858045727517246171e-01 5.930700000000000000e+05 1.779206611986635486e+06 -9.855402681006525389e-01 3.671203534744870572e-02
-9.858045727517246171e-01 5.930700000000000000e+05 1.779206611986635486e+06 -9.861248075310730110e-01 3.657107730212087737e-02
-9.858045727517246171e-01 5.930700000000000000e+05 1.779206611986635486e+06 -9.866246173343115045e-01 3.629165506860504431e-02
-9.858045727517246171e-01 5.930700000000000000e+05 1.779206611986635486e+06 -9.854970256503501336e-01 3.672143047964702284e-02
-9.858045727517246171e-01 5.930700000000000000e+05 1.779206611986635486e+06 -9.866197683282886821e-01 3.641550869236756527e-02
-9.858045727517246171e-01 5.930700000000000000e+05 1.779206611986635486e+06 -9.856499135050739158e-01 3.669348903006035972e-02
-9.858045727517246171e-01 5.930700000000000000e+05 1.779206611986635486e+06 -9.861983620861950461e-01 3.652002561705331579e-02
-9.858045727517246171e-01 5.930700000000000000e+05 1.779206611986635486e+06 -9.857115585048219497e-01 3.661771835736316039e-02
-9.858045727517246171e-01 5.930700000000000000e+05 1.779206611986635486e+06 -9.860321473054685093e-01 3.658297236344681957e-02
-9.858045727517246171e-01 5.930700000000000000e+05 1.779206611986635486e+06 -9.858134857646689841e-01 3.672529439021331860e-02
-9.858045727517246171e-01 5.930700000000000000e+05 1.779206611986635486e+06 -9.849617643827021096e-01 3.693819520663656902e-02
-9.858045727517246171e-01 5.930700000000000000e+05 1.779206611986635486e+06 -9.857127634216000800e-01 3.646790308714865231e-02
-9.858045727517246171e-01 5.930700000000000000e+05 1.779206611986635486e+06 -9.863846982691159004e-01 3.650112886509743887e-02
-9.858045727517246171e-01 5.930700000000000000e+05 1.779206611986635486e+06 -9.859491254025031237e-01 3.663919433430172512e-02
-9.858045727517246171e-01 5.930700000000000000e+05 1.779206611986635486e+06 -9.860103262725454787e-01 3.658618225667562701e-02
-9.858045727517246171e-01 5.930700000000000000e+05 1.779206611986635486e+06 -9.855524761030810543e-01 3.666054335290756111e-02
-9.858045727517246171e-01 5.930700000000000000e+05 1.779206611986635486e+06 -9.863282280379317424e-01 3.641560344013249767e-02
-9.858045727517246171e-01 5.930700000000000000e+05 1.779206611986635486e+06 -9.853966482918649072e-01 3.676050825832037627e-02
-9.858045727517246171e-01 5.930700000000000000e+05 1.779206611986635486e+06 -9.866178289282168112e-01 3.640182165148328486e-02
-9.858045727517246171e-01 5.930700000000000000e+05 1.779206611986635486e+06 -9.852112367889964695e-01 3.687508549175023270e-02
-9.858045727517246171e-01 5.930700000000000000e+05 1.779206611986635486e+06 -9.856998482513972260e-01 3.663395162419441631e-02
-9.858045727517246171e-01 5.930700000000000000e+05 1.779206611986635486e+06 -9.855538722283300190e-01 3.676619037913515797e-02
-9.858045727517246171e-01 5.930700000000000000e+05 1.779206611986635486e+06 -9.864196833467537839e-01 3.647608830713052613e-02
-9.858045727517246171e-01 5.930700000000000000e+05 1.779206611986635486e+06 -9.857956669574429176e-01 3.659605282189844905e-02
-9.858045727517246171e-01 5.930700000000000000e+05 1.779206611986635486e+06 -9.857972441743042546e-01 3.659996008133231671e-02
-9.858045727517246171e-01 5.930700000000000000e+05 1.779206611986635486e+06 -9.855917436431552714e-01 3.674896320293018909e-02
-9.858045727517246171e-01 5.930700000000000000e+05 1.779206611986635486e+06 -9.859515959371658589e-01 3.667564376916068042e-02
-9.858045727517246171e-01 5.930700000000000000e+05 1.779206611986635486e+06 -9.855149486611154419e-01 3.669663079677489004e-02
-9.858045727517246171e-01 5.930700000000000000e+05 1.779206611986635486e+06 -9.851704517214711077e-01 3.688290679186383147e-02
-9.858045727517246171e-01 5.930700000000000000e+05 1.779206611986635486e+06 -9.847684131762679538e-01 3.683406678681784563e-02
-9.858045727517246171e-01 5.930700000000000000e+05 1.779206611986635486e+06 -9.850252000648300754e-01 3.683362612749466192e-02
-9.858045727517246171e-01 5.930700000000000000e+05 1.779206611986635486e+06 -9.860338287258708645e-01 3.670379783856009964e-02
-9.858045727517246171e-01 5.930700000000000000e+05 1.779206611986635486e+06 -9.863767990329198598e-01 3.643692792014909670e-02
-9.858045727517246171e-01 5.930700000000000000e+05 1.779206611986635486e+06 -9.860614629005812759e-01 3.644833215003802362e-02
-9.858045727517246171e-01 5.930700000000000000e+05 1.779206611986635486e+06 -9.856619586262170829e-01 3.649801243566234282e-02
-9.858045727517246171e-01 5.930700000000000000e+05 1.779206611986635486e+06 -9.856590631838626493e-01 3.669304242232244995e-02
-9.858045727517246171e-01 5.930700000000000000e+05 1.779206611986635486e+06 -9.858390591371136713e-01 3.661112234722660452e-02
-9.858045727517246171e-01 5.930700000000000000e+05 1.779206611986635486e+06 -9.853354292114805402e-01 3.683719412619744504e-02
-9.858045727517246171e-01 5.930700000000000000e+05 1.779206611986635486e+06 -9.861224108493970020e-01 3.654053341435775648e-02
-9.858045727517246171e-01 5.930700000000000000e+05 1.779206611986635486e+06 -9.867388719754238702e-01 3.636660718302276579e-02
-9.858045727517246171e-01 5.930700000000000000e+05 1.779206611986635486e+06 -9.858886175366342597e-01 3.657223498943891482e-02
-9.858045727517246171e-01 5.930700000000000000e+05 1.779206611986635486e+06 -9.856921260600766121e-01 3.658732325593955920e-02
-9.858045727517246171e-01 5.930700000000000000e+05 1.779206611986635486e+06 -9.868776609885213658e-01 3.650786446846586430e-02
-9.858045727517246171e-01 5.930700000000000000e+05 1.779206611986635486e+06 -9.858254681613598525e-01 3.655420461691301359e-02
