# Energy,SamplesEBS,SamplesHoeffding,E_estim,Var_estim
-9.478716054742455377e-01 3.365340000000000000e+05 1.505364829124235548e+06 -9.484764802371855597e-01 7.976974347018125563e-03
-9.478716054742455377e-01 3.365340000000000000e+05 1.505364829124235548e+06 -9.479429906046361598e-01 8.045654830255025494e-03
-9.478716054742455377e-01 3.365340000000000000e+05 1.505364829124235548e+06 -9.484474442407951900e-01 8.055533265573629198e-03
-9.478716054742455377e-01 3.365340000000000000e+05 1.505364829124235548e+06 -9.482471821573360549e-01 8.045752542092242388e-03
-9.478716054742455377e-01 3.365340000000000000e+05 1.505364829124235548e+06 -9.482789103036909362e-01 8.061432318977915581e-03
-9.478716054742455377e-01 3.365340000000000000e+05 1.505364829124235548e+06 -9.476887375425091520e-01 8.014020216185191448e-03
-9.478716054742455377e-01 3.365340000000000000e+05 1.505364829124235548e+06 -9.485044572023533238e-01 7.970107871947051600e-03
-9.478716054742455377e-01 3.365340000000000000e+05 1.505364829124235548e+06 -9.478121681617348582e-01 8.116040476661475628e-03
-9.478716054742455377e-01 3.365340000000000000e+05 1.505364829124235548e+06 -9.476680596912490095e-01 8.135650194049373271e-03
-9.478716054742455377e-01 3.365340000000000000e+05 1.505364829124235548e+06 -9.479052452356369063e-01 8.066822552695300519e-03
-9.478716054742455377e-01 3.365340000000000000e+05 1.505364829124235548e+06 -9.479991941382919229e-01 7.948849774973216695e-03
-9.478716054742455377e-01 3.365340000000000000e+05 1.505364829124235548e+06 -9.478468879820093340e-01 8.132873534312745623e-03
-9.478716054742455377e-01 3.365340000000000000e+05 1.505364829124235548e+06 -9.477967284141490811e-01 8.025489756004708722e-03
-9.478716054742455377e-01 3.365340000000000000e+05 1.505364829124235548e+06 -9.478479969338610145e-01 8.055963415093299329e-03
-9.478716054742455377e-01 3.365340000000000000e+05 1.505364829124235548e+06 -9.475315587730698264e-01 8.122202020517792567e-03
-9.478716054742455377e-01 3.365340000000000000e+05 1.505364829124235548e+06 -9.477101303289856560e-01 8.141038998973896407e-03
-9.478716054742455377e-01 3.365340000000000000e+05 1.505364829124235548e+06 -9.474113801284029801e-01 8.081762945988309535e-03
-9.478716054742455377e-01 3.365340000000000000e+05 1.505364829124235548e+06 -9.479668544638603089e-01 8.034750983162971399e-03
-9.478716054742455377e-01 3.365340000000000000e+05 1.505364829124235548e+06 -9.480061955111324101e-01 8.035858922721449485e-03
-9.478716054742455377e-01 3.365340000000000000e+05 1.505364829124235548e+06 -9.472922284230728129e-01 8.121145885205877102e-03
-9.478716054742455377e-01 3.365340000000000000e+05 1.505364829124235548e+06 -9.480270766108096492e-01 8.101598181779743821e-03
-9.478716054742455377e-01 3.365340000000000000e+05 1.505364829124235548e+06 -9.477473230049052733e-01 8.117668734242359380e-03
-9.478716054742455377e-01 3.365340000000000000e+05 1.505364829124235548e+06 -9.475806646583700976e-01 8.133561078132197850e-03
-9.478716054742455377e-01 3.365340000000000000e+05 1.505364829124235548e+06 -9.477958886773198977e-01 8.128568781335434798e-03
-9.478716054742455377e-01 3.365340000000000000e+05 1.505364829124235548e+06 -9.478081299367496770e-01 8.028825373699663079e-03
-9.478716054742455377e-01 3.365340000000000000e+05 1.505364829124235548e+06 -9.478045748724984731e-01 8.061617835137056820e-03
-9.478716054742455377e-01 3.365340000000000000e+05 1.505364829124235548e+06 -9.477812512261268862e-01 8.041276545526993350e-03
-9.478716054742455377e-01 3.365340000000000000e+05 1.505364829124235548e+06 -9.483407958783965919e-01 8.029602800233114415e-03
-9.478716054742455377e-01 3.365340000000000000e+05 1.505364829124235548e+06 -9.476762163708023490e-01 8.059344018874255861e-03
-9.478716054742455377e-01 3.365340000000000000e+05 1.505364829124235548e+06 -9.473915330995836825e-01 8.130346388280494663e-03
-9.478716054742455377e-01 3.365340000000000000e+05 1.505364829124235548e+06 -9.472870955093221079e-01 8.102802062271730402e-03
-9.478716054742455377e-01 3.365340000000000000e+05 1.505364829124235548e+06 -9.479177129209539476e-01 8.085898796584186851e-03
-9.478716054742455377e-01 3.365340000000000000e+05 1.505364829124235548e+06 -9.481519460147695977e-01 8.038270375925589406e-03
-9.478716054742455377e-01 3.365340000000000000e+05 1.505364829124235548e+06 -9.474121770760994821e-01 8.093647340953200389e-03
-9.478716054742455377e-01 3.365340000000000000e+05 1.505364829124235548e+06 -9.477030772526213731e-01 8.093890943043005951e-03
-9.478716054742455377e-01 3.365340000000000000e+05 1.505364829124235548e+06 -9.479543832127915737e-01 8.043039644934199886e-03
-9.478716054742455377e-01 3.365340000000000000e+05 1.505364829124235548e+06 -9.477844390169737343e-01 8.175660700114436436e-03
-9.478716054742455377e-01 3.365340000000000000e+05 1.505364829124235548e+06 -9.474368806722114345e-01 8.101334224103633186e-03
-9.478716054742455377e-01 3.365340000000000000e+05 1.505364829124235548e+06 -9.474898072709847519e-01 8.101167192255426253e-03
-9.478716054742455377e-01 3.365340000000000000e+05 1.505364829124235548e+06 -9.476515377350761549e-01 8.069062472340599035e-03
-9.478716054742455377e-01 3.365340000000000000e+05 1.505364829124235548e+06 -9.480542298850481719e-01 8.018636939639219724e-03
-9.478716054742455377e-01 3.365340000000000000e+05 1.505364829124235548e+06 -9.482086754982788079e-01 8.005230944284548456e-03
-9.478716054742455377e-01 3.365340000000000000e+05 1.505364829124235548e+06 -9.477174437059591172e-01 8.103862708096676651e-03
-9.478716054742455377e-01 3.365340000000000000e+05 1.505364829124235548e+06 -9.478713615864572395e-01 8.034057496422889605e-03
-9.478716054742455377e-01 3.365340000000000000e+05 1.505364829124235548e+06 -9.474689279541812503e-01 8.071692745173025818e-03
-9.478716054742455377e-01 3.365340000000000000e+05 1.505364829124235548e+06 -9.479445720198911296e-01 8.118202719273194534e-03
-9.478716054742455377e-01 3.365340000000000000e+05 1.505364829124235548e+06 -9.478591131955136362e-01 8.020789843270637737e-03
-9.478716054742455377e-01 3.365340000000000000e+05 1.505364829124235548e+06 -9.482067232438443627e-01 8.056888132231487809e-03
-9.478716054742455377e-01 3.365340000000000000e+05 1.505364829124235548e+06 -9.478425805420420680e-01 8.083732198309618450e-03
-9.478716054742455377e-01 3.365340000000000000e+05 1.505364829124235548e+06 -9.476946531409435881e-01 8.138826263609781619e-03
-9.478716054742455377e-01 3.365340000000000000e+05 1.505364829124235548e+06 -9.481926545316076149e-01 7.963343274533457930e-03
-9.478716054742455377e-01 3.365340000000000000e+05 1.505364829124235548e+06 -9.481014869229712483e-01 7.979559486275914285e-03
-9.478716054742455377e-01 3.365340000000000000e+05 1.505364829124235548e+06 -9.481245395714391622e-01 8.016696955592235788e-03
-9.478716054742455377e-01 3.365340000000000000e+05 1.505364829124235548e+06 -9.480716076240066625e-01 8.008158072245545947e-03
-9.478716054742455377e-01 3.365340000000000000e+05 1.505364829124235548e+06 -9.481644279630938588e-01 7.996366816489304530e-03
-9.478716054742455377e-01 3.365340000000000000e+05 1.505364829124235548e+06 -9.482273672203710424e-01 8.091831132430286205e-03
-9.478716054742455377e-01 3.365340000000000000e+05 1.505364829124235548e+06 -9.478330635244219815e-01 8.089583516473000668e-03
-9.478716054742455377e-01 3.365340000000000000e+05 1.505364829124235548e+06 -9.479199183444493304e-01 8.060414467087342882e-03
-9.478716054742455377e-01 3.365340000000000000e+05 1.505364829124235548e+06 -9.478602203644590496e-01 8.057638450906630390e-03
-9.478716054742455377e-01 3.365340000000000000e+05 1.505364829124235548e+06 -9.482704808433818355e-01 8.084519888660532394e-03
-9.478716054742455377e-01 3.365340000000000000e+05 1.505364829124235548e+06 -9.476914421726599924e-01 8.052780926967878158e-03
-9.478716054742455377e-01 3.365340000000000000e+05 1.505364829124235548e+06 -9.476672734408263521e-01 8.104133601310934548e-03
-9.478716054742455377e-01 3.365340000000000000e+05 1.505364829124235548e+06 -9.477480825121145092e-01 8.211204027497320118e-03
-9.478716054742455377e-01 3.365340000000000000e+05 1.505364829124235548e+06 -9.478767351891330684e-01 8.092551036518081872e-03
-9.478716054742455377e-01 3.365340000000000000e+05 1.505364829124235548e+06 -9.478379236574518973e-01 8.142282588277392763e-03
-9.478716054742455377e-01 3.365340000000000000e+05 1.505364829124235548e+06 -9.473763411724720473e-01 8.153248765874188814e-03
-9.478716054742455377e-01 3.365340000000000000e+05 1.505364829124235548e+06 -9.479527376138413564e-01 8.052150145789877672e-03
-9.478716054742455377e-01 3.365340000000000000e+05 1.505364829124235548e+06 -9.483185597893152297e-01 7.964205421953873126e-03
-9.478716054742455377e-01 3.365340000000000000e+05 1.505364829124235548e+06 -9.482078179326361989e-01 8.088238015846975840e-03
-9.478716054742455377e-01 3.365340000000000000e+05 1.505364829124235548e+06 -9.478770151013869993e-01 8.133289222886428207e-03
-9.478716054742455377e-01 3.365340000000000000e+05 1.505364829124235548e+06 -9.482594127194754474e-01 7.975295458660018252e-03
-9.478716054742455377e-01 3.365340000000000000e+05 1.505364829124235548e+06 -9.481017400920480620e-01 8.037405374723324489e-03
-9.478716054742455377e-01 3.365340000000000000e+05 1.505364829124235548e+06 -9.472962826939820280e-01 8.141887409271816520e-03
-9.478716054742455377e-01 3.365340000000000000e+05 1.505364829124235548e+06 -9.476979265100571315e-01 8.120911174462680168e-03
-9.478716054742455377e-01 3.365340000000000000e+05 1.505364829124235548e+06 -9.478659273658293083e-01 8.060495214059743008e-03
-9.478716054742455377e-01 3.365340000000000000e+05 1.505364829124235548e+06 -9.476279359593107188e-01 8.141661849526221628e-03
-9.478716054742455377e-01 3.365340000000000000e+05 1.505364829124235548e+06 -9.479060600121851365e-01 8.057882404952861760e-03
-9.478716054742455377e-01 3.365340000000000000e+05 1.505364829124235548e+06 -9.483188183070351274e-01 8.033202386715201232e-03
-9.478716054742455377e-01 3.365340000000000000e+05 1.505364829124235548e+06 -9.481467596145848331e-01 8.065007767609476755e-03
-9.478716054742455377e-01 3.365340000000000000e+05 1.505364829124235548e+06 -9.478808340320332704e-01 8.079223324684811983e-03
-9.478716054742455377e-01 3.365340000000000000e+05 1.505364829124235548e+06 -9.483351084887176041e-01 8.002957973102690220e-03
-9.478716054742455377e-01 3.365340000000000000e+05 1.505364829124235548e+06 -9.478358055950848460e-01 8.056804239579013621e-03
-9.478716054742455377e-01 3.365340000000000000e+05 1.505364829124235548e+06 -9.477546666908427397e-01 8.038699420219621097e-03
-9.478716054742455377e-01 3.365340000000000000e+05 1.505364829124235548e+06 -9.478998270609447774e-01 8.083887192710146122e-03
-9.478716054742455377e-01 3.365340000000000000e+05 1.505364829124235548e+06 -9.482097095691260913e-01 8.009831112477024465e-03
-9.478716054742455377e-01 3.365340000000000000e+05 1.505364829124235548e+06 -9.477910053668733292e-01 8.120044605261318368e-03
-9.478716054742455377e-01 3.365340000000000000e+05 1.505364829124235548e+06 -9.477714970853774457e-01 8.028535805599970251e-03
-9.478716054742455377e-01 3.365340000000000000e+05 1.505364829124235548e+06 -9.481077180912844682e-01 7.987905970543690559e-03
-9.478716054742455377e-01 3.365340000000000000e+05 1.505364829124235548e+06 -9.481731052438630014e-01 8.028748428095920306e-03
-9.478716054742455377e-01 3.365340000000000000e+05 1.505364829124235548e+06 -9.481646740006473006e-01 8.057187873540344603e-03
-9.478716054742455377e-01 3.365340000000000000e+05 1.505364829124235548e+06 -9.477644101342915794e-01 8.108396518992564556e-03
-9.478716054742455377e-01 3.365340000000000000e+05 1.505364829124235548e+06 -9.482821801070187018e-01 7.975853358870686402e-03
-9.478716054742455377e-01 3.365340000000000000e+05 1.505364829124235548e+06 -9.476794719111045762e-01 8.100767217058081615e-03
-9.478716054742455377e-01 3.365340000000000000e+05 1.505364829124235548e+06 -9.479809623994372991e-01 7.994455460774272174e-03
-9.478716054742455377e-01 3.365340000000000000e+05 1.505364829124235548e+06 -9.478569576926256790e-01 8.019194556767613238e-03
-9.478716054742455377e-01 3.365340000000000000e+05 1.505364829124235548e+06 -9.480799907294327200e-01 8.098843812075566181e-03
-9.478716054742455377e-01 3.365340000000000000e+05 1.505364829124235548e+06 -9.475964485019046091e-01 8.108541885280153363e-03
-9.478716054742455377e-01 3.365340000000000000e+05 1.505364829124235548e+06 -9.477839522905223690e-01 8.096245713389713800e-03
-9.478716054742455377e-01 3.365340000000000000e+05 1.505364829124235548e+06 -9.474666975703370797e-01 8.111158798762473088e-03
-9.478716054742455377e-01 3.365340000000000000e+05 1.505364829124235548e+06 -9.483001319335840895e-01 7.941549873664459358e-03
