# Energy,SamplesEBS,SamplesHoeffding,E_estim,Var_estim
-1.075372131365332828e+00 9.995130000000000000e+05 2.998535178966592532e+06 -1.076064222272891779e+00 5.184078986161996805e-02
-1.075372131365332828e+00 9.995130000000000000e+05 2.998535178966592532e+06 -1.075570538248781904e+00 5.213720046309517492e-02
-1.075372131365332828e+00 9.995130000000000000e+05 2.998535178966592532e+06 -1.075715726155305640e+00 5.186739703104321919e-02
-1.075372131365332828e+00 9.995130000000000000e+05 2.998535178966592532e+06 -1.075305752298040485e+00 5.193073342535493853e-02
-1.075372131365332828e+00 9.995130000000000000e+05 2.998535178966592532e+06 -1.075704553514213346e+00 5.176331746244294818e-02
-1.075372131365332828e+00 9.995130000000000000e+05 2.998535178966592532e+06 -1.074382344798585853e+00 5.230871463201577920e-02
-1.075372131365332828e+00 9.995130000000000000e+05 2.998535178966592532e+06 -1.075493514738323109e+00 5.189867673877373438e-02
-1.075372131365332828e+00 9.995130000000000000e+05 2.998535178966592532e+06 -1.075296131412646128e+00 5.195991522815310987e-02
-1.075372131365332828e+00 9.995130000000000000e+05 2.998535178966592532e+06 -1.075246644512531713e+00 5.207604782338196014e-02
-1.075372131365332828e+00 9.995130000000000000e+05 2.998535178966592532e+06 -1.075008661614871297e+00 5.219445984958070300e-02
-1.075372131365332828e+00 9.995130000000000000e+05 2.998535178966592532e+06 -1.075826267588967156e+00 5.196158297336582466e-02
-1.075372131365332828e+00 9.995130000000000000e+05 2.998535178966592532e+06 -1.075212280177083368e+00 5.212488609429745401e-02
-1.075372131365332828e+00 9.995130000000000000e+05 2.998535178966592532e+06 -1.075429159197182738e+00 5.207168509781223004e-02
-1.075372131365332828e+00 9.995130000000000000e+05 2.998535178966592532e+06 -1.075536371409524516e+00 5.208740824997509788e-02
-1.075372131365332828e+00 9.995130000000000000e+05 2.998535178966592532e+06 -1.075212054467168610e+00 5.210402000140126888e-02
-1.075372131365332828e+00 9.995130000000000000e+05 2.998535178966592532e+06 -1.074917249096970950e+00 5.210448060035696022e-02
-1.075372131365332828e+00 9.995130000000000000e+05 2.998535178966592532e+06 -1.075654840904175957e+00 5.165848548818858382e-02
-1.075372131365332828e+00 9.995130000000000000e+05 2.998535178966592532e+06 -1.074882715479109629e+00 5.231417732381023894e-02
-1.075372131365332828e+00 9.995130000000000000e+05 2.998535178966592532e+06 -1.075961975678805915e+00 5.183970440077254049e-02
-1.075372131365332828e+00 9.995130000000000000e+05 2.998535178966592532e+06 -1.076225802362391626e+00 5.154568910018034189e-02
-1.075372131365332828e+00 9.995130000000000000e+05 2.998535178966592532e+06 -1.075839669115478570e+00 5.174172573037560258e-02
-1.075372131365332828e+00 9.995130000000000000e+05 2.998535178966592532e+06 -1.075276579290771028e+00 5.222912115831467028e-02
-1.075372131365332828e+00 9.995130000000000000e+05 2.998535178966592532e+06 -1.075894290916332485e+00 5.162539373908437562e-02
-1.075372131365332828e+00 9.995130000000000000e+05 2.998535178966592532e+06 -1.075437256540570097e+00 5.209738196554870859e-02
-1.075372131365332828e+00 9.995130000000000000e+05 2.998535178966592532e+06 -1.074544489162904792e+00 5.247031530842836272e-02
-1.075372131365332828e+00 9.995130000000000000e+05 2.998535178966592532e+06 -1.075459206830386538e+00 5.212109910906242982e-02
-1.075372131365332828e+00 9.995130000000000000e+05 2.998535178966592532e+06 -1.075983756686157422e+00 5.181817789277200215e-02
-1.075372131365332828e+00 9.995130000000000000e+05 2.998535178966592532e+06 -1.075720748201021149e+00 5.191292795715027331e-02
-1.075372131365332828e+00 9.995130000000000000e+05 2.998535178966592532e+06 -1.075651878461457489e+00 5.187580000778010264e-02
-1.075372131365332828e+00 9.995130000000000000e+05 2.998535178966592532e+06 -1.076082589417669766e+00 5.135511944699836656e-02
-1.075372131365332828e+00 9.995130000000000000e+05 2.998535178966592532e+06 -1.075171624177629237e+00 5.186851395856460767e-02
-1.075372131365332828e+00 9.995130000000000000e+05 2.998535178966592532e+06 -1.075105801522004301e+00 5.211888166310387621e-02
-1.075372131365332828e+00 9.995130000000000000e+05 2.998535178966592532e+06 -1.075283745580762451e+00 5.245236663782538999e-02
-1.075372131365332828e+00 9.995130000000000000e+05 2.998535178966592532e+06 -1.075102810865540270e+00 5.240240180459669606e-02
-1.075372131365332828e+00 9.995130000000000000e+05 2.998535178966592532e+06 -1.075054198591367527e+00 5.244988652734270534e-02
-1.075372131365332828e+00 9.995130000000000000e+05 2.998535178966592532e+06 -1.075563484813762516e+00 5.180803517256619972e-02
-1.075372131365332828e+00 9.995130000000000000e+05 2.998535178966592532e+06 -1.075722525666647167e+00 5.178984277869144032e-02
-1.075372131365332828e+00 9.995130000000000000e+05 2.998535178966592532e+06 -1.075688471682338054e+00 5.206043176705942022e-02
-1.075372131365332828e+00 9.995130000000000000e+05 2.998535178966592532e+06 -1.075174050559287720e+00 5.224799196341684687e-02
-1.075372131365332828e+00 9.995130000000000000e+05 2.998535178966592532e+06 -1.074697520489149349e+00 5.243046363472696897e-02
-1.075372131365332828e+00 9.995130000000000000e+05 2.998535178966592532e+06 -1.075167984605169824e+00 5.215918556816153545e-02
-1.075372131365332828e+00 9.995130000000000000e+05 2.998535178966592532e+06 -1.075159943689240727e+00 5.203418971523401243e-02
-1.075372131365332828e+00 9.995130000000000000e+05 2.998535178966592532e+06 -1.075757708200531182e+00 5.189773194660875222e-02
-1.075372131365332828e+00 9.995130000000000000e+05 2.998535178966592532e+06 -1.076065379036231562e+00 5.170296070296724611e-02
-1.075372131365332828e+00 9.995130000000000000e+05 2.998535178966592532e+06 -1.075335969213675025e+00 5.187243865587715108e-02
-1.075372131365332828e+00 9.995130000000000000e+05 2.998535178966592532e+06 -1.076043767311339439e+00 5.142462282373810867e-02
-1.075372131365332828e+00 9.995130000000000000e+05 2.998535178966592532e+06 -1.075401509731892968e+00 5.198493614263157564e-02
-1.075372131365332828e+00 9.995130000000000000e+05 2.998535178966592532e+06 -1.075410792052376108e+00 5.194922418223794219e-02
-1.075372131365332828e+00 9.995130000000000000e+05 2.998535178966592532e+06 -1.075483160295721996e+00 5.191551893180909594e-02
-1.075372131365332828e+00 9.995130000000000000e+05 2.998535178966592532e+06 -1.075461999990661388e+00 5.209281322055093338e-02
-1.075372131365332828e+00 9.995130000000000000e+05 2.998535178966592532e+06 -1.075133902407127584e+00 5.226516898055578314e-02
-1.075372131365332828e+00 9.995130000000000000e+05 2.998535178966592532e+06 -1.075156755536600617e+00 5.189060526080360031e-02
-1.075372131365332828e+00 9.995130000000000000e+05 2.998535178966592532e+06 -1.075205480665742286e+00 5.220822718441808785e-02
-1.075372131365332828e+00 9.995130000000000000e+05 2.998535178966592532e+06 -1.075167504971590304e+00 5.203370667886128564e-02
-1.075372131365332828e+00 9.995130000000000000e+05 2.998535178966592532e+06 -1.075651680965289403e+00 5.173601525973457044e-02
-1.075372131365332828e+00 9.995130000000000000e+05 2.998535178966592532e+06 -1.075187169948442101e+00 5.213724164791835869e-02
-1.075372131365332828e+00 9.995130000000000000e+05 2.998535178966592532e+06 -1.075930150579977651e+00 5.172113249319631317e-02
-1.075372131365332828e+00 9.995130000000000000e+05 2.998535178966592532e+06 -1.075538318157581941e+00 5.219798518246453189e-02
-1.075372131365332828e+00 9.995130000000000000e+05 2.998535178966592532e+06 -1.075488069486490561e+00 5.179940630731152268e-02
-1.075372131365332828e+00 9.995130000000000000e+05 2.998535178966592532e+06 -1.074068269443883228e+00 5.262991972321718476e-02
-1.075372131365332828e+00 9.995130000000000000e+05 2.998535178966592532e+06 -1.075543453058289911e+00 5.210194445162233401e-02
-1.075372131365332828e+00 9.995130000000000000e+05 2.998535178966592532e+06 -1.074789158716964232e+00 5.197587557379450968e-02
-1.075372131365332828e+00 9.995130000000000000e+05 2.998535178966592532e+06 -1.075271021183965559e+00 5.207057081850825081e-02
-1.075372131365332828e+00 9.995130000000000000e+05 2.998535178966592532e+06 -1.075203364635226366e+00 5.220238945243765166e-02
-1.075372131365332828e+00 9.995130000000000000e+05 2.998535178966592532e+06 -1.074810629373150972e+00 5.250040659866563736e-02
-1.075372131365332828e+00 9.995130000000000000e+05 2.998535178966592532e+06 -1.075435732998606397e+00 5.189111731557902868e-02
-1.075372131365332828e+00 9.995130000000000000e+05 2.998535178966592532e+06 -1.075482652448406462e+00 5.202548819883626857e-02
-1.075372131365332828e+00 9.995130000000000000e+05 2.998535178966592532e+06 -1.075600924446860507e+00 5.196752093344288170e-02
-1.075372131365332828e+00 9.995130000000000000e+05 2.998535178966592532e+06 -1.075917200473271551e+00 5.168428295086372609e-02
-1.075372131365332828e+00 9.995130000000000000e+05 2.998535178966592532e+06 -1.076269279735871720e+00 5.135968621234027892e-02
-1.075372131365332828e+00 9.995130000000000000e+05 2.998535178966592532e+06 -1.075863537939617531e+00 5.174403112394757726e-02
-1.075372131365332828e+00 9.995130000000000000e+05 2.998535178966592532e+06 -1.075292971473749803e+00 5.244013646430151915e-02
-1.075372131365332828e+00 9.995130000000000000e+05 2.998535178966592532e+06 -1.075392255625138960e+00 5.200732402574732849e-02
-1.075372131365332828e+00 9.995130000000000000e+05 2.998535178966592532e+06 -1.075427776723920426e+00 5.190878345584250264e-02
-1.075372131365332828e+00 9.995130000000000000e+05 2.998535178966592532e+06 -1.075301379168301485e+00 5.190964738060602213e-02
-1.075372131365332828e+00 9.995130000000000000e+05 2.998535178966592532e+06 -1.074993934042542287e+00 5.204734845736629784e-02
-1.075372131365332828e+00 9.995130000000000000e+05 2.998535178966592532e+06 -1.075813486764714000e+00 5.195465304318608313e-02
-1.075372131365332828e+00 9.995130000000000000e+05 2.998535178966592532e+06 -1.074886806471403222e+00 5.228475030511545163e-02
-1.075372131365332828e+00 9.995130000000000000e+05 2.998535178966592532e+06 -1.075268735871022896e+00 5.213117544356729582e-02
-1.075372131365332828e+00 9.995130000000000000e+05 2.998535178966592532e+06 -1.075953201205632759e+00 5.192789264121303039e-02
-1.075372131365332828e+00 9.995130000000000000e+05 2.998535178966592532e+06 -1.074701357557791948e+00 5.248623694226926123e-02
-1.075372131365332828e+00 9.995130000000000000e+05 2.998535178966592532e+06 -1.075873553817360051e+00 5.173304596779536996e-02
-1.075372131365332828e+00 9.995130000000000000e+05 2.998535178966592532e+06 -1.075229575199771581e+00 5.213976707391845128e-02
-1.075372131365332828e+00 9.995130000000000000e+05 2.998535178966592532e+06 -1.075712143010299160e+00 5.161018323553560189e-02
-1.075372131365332828e+00 9.995130000000000000e+05 2.998535178966592532e+06 -1.075978170365605946e+00 5.150695277339764622e-02
-1.075372131365332828e+00 9.995130000000000000e+05 2.998535178966592532e+06 -1.075073750713242848e+00 5.246122944222847417e-02
-1.075372131365332828e+00 9.995130000000000000e+05 2.998535178966592532e+06 -1.075063734835525420e+00 5.222923337400263433e-02
-1.075372131365332828e+00 9.995130000000000000e+05 2.998535178966592532e+06 -1.075668439926900977e+00 5.210299650322335746e-02
-1.075372131365332828e+00 9.995130000000000000e+05 2.998535178966592532e+06 -1.074703699298222626e+00 5.227410299399886523e-02
-1.075372131365332828e+00 9.995130000000000000e+05 2.998535178966592532e+06 -1.075657182644610188e+00 5.195115830698764092e-02
-1.075372131365332828e+00 9.995130000000000000e+05 2.998535178966592532e+06 -1.075499101058854157e+00 5.180870720389236378e-02
-1.075372131365332828e+00 9.995130000000000000e+05 2.998535178966592532e+06 -1.075915959068724392e+00 5.173761947850752385e-02
-1.075372131365332828e+00 9.995130000000000000e+05 2.998535178966592532e+06 -1.075426337823172762e+00 5.201680761594928981e-02
-1.075372131365332828e+00 9.995130000000000000e+05 2.998535178966592532e+06 -1.075419622953045717e+00 5.190606427226217984e-02
-1.075372131365332828e+00 9.995130000000000000e+05 2.998535178966592532e+06 -1.074872473891453240e+00 5.216163162106657314e-02
-1.075372131365332828e+00 9.995130000000000000e+05 2.998535178966592532e+06 -1.075470266616489035e+00 5.194416196549029446e-02
-1.075372131365332828e+00 9.995130000000000000e+05 2.998535178966592532e+06 -1.075888337817178853e+00 5.132026942688863724e-02
-1.075372131365332828e+00 9.995130000000000000e+05 2.998535178966592532e+06 -1.075622282248107631e+00 5.147253055599714661e-02
-1.075372131365332828e+00 9.995130000000000000e+05 2.998535178966592532e+06 -1.074920804028220322e+00 5.199200457421283839e-02
-1.075372131365332828e+00 9.995130000000000000e+05 2.998535178966592532e+06 -1.075177746559226932e+00 5.221686641873013457e-02
