# Energy,SamplesEBS,SamplesHoeffding,E_estim,Var_estim
-9.454641240197314556e-01 2.528430000000000000e+05 1.497491693646959960e+06 -9.455404041248876013e-01 5.114156241360142720e-03
-9.454641240197314556e-01 2.528430000000000000e+05 1.497491693646959960e+06 -9.452451489665505413e-01 5.146993680578451982e-03
-9.454641240197314556e-01 2.528430000000000000e+05 1.497491693646959960e+06 -9.454601392965199524e-01 5.139052869695829966e-03
-9.454641240197314556e-01 2.528430000000000000e+05 1.497491693646959960e+06 -9.455173574121094049e-01 5.083190085166664103e-03
-9.454641240197314556e-01 2.528430000000000000e+05 1.497491693646959960e+06 -9.455445236773399875e-01 5.097085687409859400e-03
-9.454641240197314556e-01 2.528430000000000000e+05 1.497491693646959960e+06 -9.458418243738218045e-01 5.028292295788898761e-03
-9.454641240197314556e-01 2.528430000000000000e+05 1.497491693646959960e+06 -9.456896999329599263e-01 5.090909311206769788e-03
-9.454641240197314556e-01 2.528430000000000000e+05 1.497491693646959960e+06 -9.454272588133711963e-01 5.105780865396359475e-03
-9.454641240197314556e-01 2.528430000000000000e+05 1.497491693646959960e+06 -9.452888029336352638e-01 5.112834610385993614e-03
-9.454641240197314556e-01 2.528430000000000000e+05 1.497491693646959960e+06 -9.457439138127190503e-01 5.017496989565624517e-03
-9.454641240197314556e-01 2.528430000000000000e+05 1.497491693646959960e+06 -9.456528327861541960e-01 5.049862784363675153e-03
-9.454641240197314556e-01 2.528430000000000000e+05 1.497491693646959960e+06 -9.455340966534537817e-01 5.075183799079858310e-03
-9.454641240197314556e-01 2.528430000000000000e+05 1.497491693646959960e+06 -9.457743026310760914e-01 5.058032479172288286e-03
-9.454641240197314556e-01 2.528430000000000000e+05 1.497491693646959960e+06 -9.458149950765879499e-01 5.099064702055291880e-03
-9.454641240197314556e-01 2.528430000000000000e+05 1.497491693646959960e+06 -9.457770648194733232e-01 5.064477158356592117e-03
-9.454641240197314556e-01 2.528430000000000000e+05 1.497491693646959960e+06 -9.457971595027352407e-01 5.021065158044429877e-03
-9.454641240197314556e-01 2.528430000000000000e+05 1.497491693646959960e+06 -9.450695459243430019e-01 5.145490134830587627e-03
-9.454641240197314556e-01 2.528430000000000000e+05 1.497491693646959960e+06 -9.452111246906143016e-01 5.148453894274892736e-03
-9.454641240197314556e-01 2.528430000000000000e+05 1.497491693646959960e+06 -9.456051636792369708e-01 5.073711525305727582e-03
-9.454641240197314556e-01 2.528430000000000000e+05 1.497491693646959960e+06 -9.451803466979471491e-01 5.121553506481623178e-03
-9.454641240197314556e-01 2.528430000000000000e+05 1.497491693646959960e+06 -9.454025557367600197e-01 5.120107923700721424e-03
-9.454641240197314556e-01 2.528430000000000000e+05 1.497491693646959960e+06 -9.454982973629836307e-01 5.111704764186891618e-03
-9.454641240197314556e-01 2.528430000000000000e+05 1.497491693646959960e+06 -9.454440265308868829e-01 5.101546071608422522e-03
-9.454641240197314556e-01 2.528430000000000000e+05 1.497491693646959960e+06 -9.455334796697923982e-01 5.086423584485184717e-03
-9.454641240197314556e-01 2.528430000000000000e+05 1.497491693646959960e+06 -9.454051423221083716e-01 5.112861551629224732e-03
-9.454641240197314556e-01 2.528430000000000000e+05 1.497491693646959960e+06 -9.454782928542584397e-01 5.072148072814065822e-03
-9.454641240197314556e-01 2.528430000000000000e+05 1.497491693646959960e+06 -9.454327119997384399e-01 5.106121474288260499e-03
-9.454641240197314556e-01 2.528430000000000000e+05 1.497491693646959960e+06 -9.453352333271998198e-01 5.153669620605541395e-03
-9.454641240197314556e-01 2.528430000000000000e+05 1.497491693646959960e+06 -9.449963384398568644e-01 5.165213617822055764e-03
-9.454641240197314556e-01 2.528430000000000000e+05 1.497491693646959960e+06 -9.453302072833695835e-01 5.058122453551043909e-03
-9.454641240197314556e-01 2.528430000000000000e+05 1.497491693646959960e+06 -9.457512274421270293e-01 5.051854350682481905e-03
-9.454641240197314556e-01 2.528430000000000000e+05 1.497491693646959960e+06 -9.457801070235287710e-01 5.052849837297556691e-03
-9.454641240197314556e-01 2.528430000000000000e+05 1.497491693646959960e+06 -9.450917715742535030e-01 5.143521309724577439e-03
-9.454641240197314556e-01 2.528430000000000000e+05 1.497491693646959960e+06 -9.457476062226389812e-01 5.070627501181246104e-03
-9.454641240197314556e-01 2.528430000000000000e+05 1.497491693646959960e+06 -9.453471980642118577e-01 5.209888785249496695e-03
-9.454641240197314556e-01 2.528430000000000000e+05 1.497491693646959960e+06 -9.453597085944592804e-01 5.116203385126284753e-03
-9.454641240197314556e-01 2.528430000000000000e+05 1.497491693646959960e+06 -9.456039107278002565e-01 5.020261269945672407e-03
-9.454641240197314556e-01 2.528430000000000000e+05 1.497491693646959960e+06 -9.453280146183542509e-01 5.149580758717269523e-03
-9.454641240197314556e-01 2.528430000000000000e+05 1.497491693646959960e+06 -9.454501821294237773e-01 5.099391779303573922e-03
-9.454641240197314556e-01 2.528430000000000000e+05 1.497491693646959960e+06 -9.457485886504659600e-01 5.047265712323449789e-03
-9.454641240197314556e-01 2.528430000000000000e+05 1.497491693646959960e+06 -9.455527248140128682e-01 5.047398530099047806e-03
-9.454641240197314556e-01 2.528430000000000000e+05 1.497491693646959960e+06 -9.456036686803642732e-01 5.064001180655519456e-03
-9.454641240197314556e-01 2.528430000000000000e+05 1.497491693646959960e+06 -9.455551120661808140e-01 5.123049576886229937e-03
-9.454641240197314556e-01 2.528430000000000000e+05 1.497491693646959960e+06 -9.450019292610397637e-01 5.201256095471068139e-03
-9.454641240197314556e-01 2.528430000000000000e+05 1.497491693646959960e+06 -9.453941457748474830e-01 5.015259804835330536e-03
-9.454641240197314556e-01 2.528430000000000000e+05 1.497491693646959960e+06 -9.455167356824175640e-01 5.085985970625621008e-03
-9.454641240197314556e-01 2.528430000000000000e+05 1.497491693646959960e+06 -9.453892336356923831e-01 5.110732490158938386e-03
-9.454641240197314556e-01 2.528430000000000000e+05 1.497491693646959960e+06 -9.452611763036704584e-01 5.097095518924795766e-03
-9.454641240197314556e-01 2.528430000000000000e+05 1.497491693646959960e+06 -9.452321780715658983e-01 5.136257721085321637e-03
-9.454641240197314556e-01 2.528430000000000000e+05 1.497491693646959960e+06 -9.456232413005269954e-01 5.078487423765287202e-03
-9.454641240197314556e-01 2.528430000000000000e+05 1.497491693646959960e+06 -9.452875072679453039e-01 5.069544756245818184e-03
-9.454641240197314556e-01 2.528430000000000000e+05 1.497491693646959960e+06 -9.459297445456258391e-01 5.089450090215914303e-03
-9.454641240197314556e-01 2.528430000000000000e+05 1.497491693646959960e+06 -9.458383123129773251e-01 5.084025019572151888e-03
-9.454641240197314556e-01 2.528430000000000000e+05 1.497491693646959960e+06 -9.453483655871381952e-01 5.089013645673485901e-03
-9.454641240197314556e-01 2.528430000000000000e+05 1.497491693646959960e+06 -9.455398488395961865e-01 5.046179257922153716e-03
-9.454641240197314556e-01 2.528430000000000000e+05 1.497491693646959960e+06 -9.456178498125316079e-01 5.036678977061464016e-03
-9.454641240197314556e-01 2.528430000000000000e+05 1.497491693646959960e+06 -9.452740285479501736e-01 5.127351041778420611e-03
-9.454641240197314556e-01 2.528430000000000000e+05 1.497491693646959960e+06 -9.457845255757527658e-01 5.038537446823129762e-03
-9.454641240197314556e-01 2.528430000000000000e+05 1.497491693646959960e+06 -9.456177881141631936e-01 5.157464697342948635e-03
-9.454641240197314556e-01 2.528430000000000000e+05 1.497491693646959960e+06 -9.459544049079892103e-01 5.033846689928560270e-03
-9.454641240197314556e-01 2.528430000000000000e+05 1.497491693646959960e+06 -9.453542269319276103e-01 5.111768783301552134e-03
-9.454641240197314556e-01 2.528430000000000000e+05 1.497491693646959960e+06 -9.451845754090455465e-01 5.114206121832374531e-03
-9.454641240197314556e-01 2.528430000000000000e+05 1.497491693646959960e+06 -9.455533607817868669e-01 5.084418686646414477e-03
-9.454641240197314556e-01 2.528430000000000000e+05 1.497491693646959960e+06 -9.454011793885899184e-01 5.081087247303822142e-03
-9.454641240197314556e-01 2.528430000000000000e+05 1.497491693646959960e+06 -9.452109870557973137e-01 5.110332061532798370e-03
-9.454641240197314556e-01 2.528430000000000000e+05 1.497491693646959960e+06 -9.450763754588762389e-01 5.163486199468133100e-03
-9.454641240197314556e-01 2.528430000000000000e+05 1.497491693646959960e+06 -9.453802494043719307e-01 5.101537322771273857e-03
-9.454641240197314556e-01 2.528430000000000000e+05 1.497491693646959960e+06 -9.452881717118899463e-01 5.122140611039148819e-03
-9.454641240197314556e-01 2.528430000000000000e+05 1.497491693646959960e+06 -9.454877516883959387e-01 5.137354293380053116e-03
-9.454641240197314556e-01 2.528430000000000000e+05 1.497491693646959960e+06 -9.453579573100706623e-01 5.119798160725358427e-03
-9.454641240197314556e-01 2.528430000000000000e+05 1.497491693646959960e+06 -9.456072234554628864e-01 5.070331513079716704e-03
-9.454641240197314556e-01 2.528430000000000000e+05 1.497491693646959960e+06 -9.450228734833444610e-01 5.174914260376157343e-03
-9.454641240197314556e-01 2.528430000000000000e+05 1.497491693646959960e+06 -9.454211174529217887e-01 5.137485158699071908e-03
-9.454641240197314556e-01 2.528430000000000000e+05 1.497491693646959960e+06 -9.451919839590144923e-01 5.125523696539702537e-03
-9.454641240197314556e-01 2.528430000000000000e+05 1.497491693646959960e+06 -9.457690345398113152e-01 5.043409665238913868e-03
-9.454641240197314556e-01 2.528430000000000000e+05 1.497491693646959960e+06 -9.456074702489277728e-01 5.125266522267793098e-03
-9.454641240197314556e-01 2.528430000000000000e+05 1.497491693646959960e+06 -9.456624245090815561e-01 5.072196188564019603e-03
-9.454641240197314556e-01 2.528430000000000000e+05 1.497491693646959960e+06 -9.456229850150087435e-01 5.080545474530486633e-03
-9.454641240197314556e-01 2.528430000000000000e+05 1.497491693646959960e+06 -9.455010310752092195e-01 5.090119311822548405e-03
-9.454641240197314556e-01 2.528430000000000000e+05 1.497491693646959960e+06 -9.453035820653490351e-01 5.177397936978805557e-03
-9.454641240197314556e-01 2.528430000000000000e+05 1.497491693646959960e+06 -9.451479123414501249e-01 5.170693000180004092e-03
-9.454641240197314556e-01 2.528430000000000000e+05 1.497491693646959960e+06 -9.456756659276701615e-01 5.080326411286786338e-03
-9.454641240197314556e-01 2.528430000000000000e+05 1.497491693646959960e+06 -9.456419216673986883e-01 5.015784568134399463e-03
-9.454641240197314556e-01 2.528430000000000000e+05 1.497491693646959960e+06 -9.455789940799225191e-01 5.085512276354015558e-03
-9.454641240197314556e-01 2.528430000000000000e+05 1.497491693646959960e+06 -9.454761523955536040e-01 5.098039083990210142e-03
-9.454641240197314556e-01 2.528430000000000000e+05 1.497491693646959960e+06 -9.451189378394868612e-01 5.131265819925439481e-03
-9.454641240197314556e-01 2.528430000000000000e+05 1.497491693646959960e+06 -9.456590690671673460e-01 5.066348085554841889e-03
-9.454641240197314556e-01 2.528430000000000000e+05 1.497491693646959960e+06 -9.454343683635678675e-01 5.092549266357362416e-03
-9.454641240197314556e-01 2.528430000000000000e+05 1.497491693646959960e+06 -9.458839880880658413e-01 5.094475471309034553e-03
-9.454641240197314556e-01 2.528430000000000000e+05 1.497491693646959960e+06 -9.450870967365083697e-01 5.175423799450590105e-03
-9.454641240197314556e-01 2.528430000000000000e+05 1.497491693646959960e+06 -9.460210533815464062e-01 5.059742918876171218e-03
-9.454641240197314556e-01 2.528430000000000000e+05 1.497491693646959960e+06 -9.450429301983794828e-01 5.184477644873728905e-03
-9.454641240197314556e-01 2.528430000000000000e+05 1.497491693646959960e+06 -9.456319407701609947e-01 5.050320950349409914e-03
-9.454641240197314556e-01 2.528430000000000000e+05 1.497491693646959960e+06 -9.455871287722016350e-01 5.112708500679821050e-03
-9.454641240197314556e-01 2.528430000000000000e+05 1.497491693646959960e+06 -9.450177809951180175e-01 5.100772008939196550e-03
-9.454641240197314556e-01 2.528430000000000000e+05 1.497491693646959960e+06 -9.454799492180883114e-01 5.060909940747329583e-03
-9.454641240197314556e-01 2.528430000000000000e+05 1.497491693646959960e+06 -9.453344549785795969e-01 5.162017976699025991e-03
-9.454641240197314556e-01 2.528430000000000000e+05 1.497491693646959960e+06 -9.451853157894380963e-01 5.084805164532781030e-03
-9.454641240197314556e-01 2.528430000000000000e+05 1.497491693646959960e+06 -9.456735491991073994e-01 5.067769757038831542e-03
-9.454641240197314556e-01 2.528430000000000000e+05 1.497491693646959960e+06 -9.455207508222482904e-01 5.081681985273961595e-03
