# Energy,SamplesEBS,SamplesHoeffding,E_estim,Var_estim
-1.086835140891589946e+00 1.067202000000000000e+06 3.201604986857167911e+06 -1.086952124898997063e+00 5.206186428520336029e-02
-1.086835140891589946e+00 1.067202000000000000e+06 3.201604986857167911e+06 -1.086488891134419710e+00 5.184323404755768194e-02
-1.086835140891589946e+00 1.067202000000000000e+06 3.201604986857167911e+06 -1.086668350505725522e+00 5.204414644389154798e-02
-1.086835140891589946e+00 1.067202000000000000e+06 3.201604986857167911e+06 -1.086645954558223659e+00 5.247072750257312374e-02
-1.086835140891589946e+00 1.067202000000000000e+06 3.201604986857167911e+06 -1.086812076997987875e+00 5.196043646845976277e-02
-1.086835140891589946e+00 1.067202000000000000e+06 3.201604986857167911e+06 -1.087263444030665660e+00 5.192079974036416939e-02
-1.086835140891589946e+00 1.067202000000000000e+06 3.201604986857167911e+06 -1.086896043107504761e+00 5.183995610351192079e-02
-1.086835140891589946e+00 1.067202000000000000e+06 3.201604986857167911e+06 -1.086410463432807560e+00 5.199546843855844952e-02
-1.086835140891589946e+00 1.067202000000000000e+06 3.201604986857167911e+06 -1.086572600310364622e+00 5.230041324503037492e-02
-1.086835140891589946e+00 1.067202000000000000e+06 3.201604986857167911e+06 -1.086922438110525135e+00 5.183738213030394254e-02
-1.086835140891589946e+00 1.067202000000000000e+06 3.201604986857167911e+06 -1.086473268225178535e+00 5.210045039222162278e-02
-1.086835140891589946e+00 1.067202000000000000e+06 3.201604986857167911e+06 -1.086685223225237751e+00 5.201828250396994119e-02
-1.086835140891589946e+00 1.067202000000000000e+06 3.201604986857167911e+06 -1.087082028141289403e+00 5.204803822654214401e-02
-1.086835140891589946e+00 1.067202000000000000e+06 3.201604986857167911e+06 -1.086423939794373128e+00 5.212202129868066802e-02
-1.086835140891589946e+00 1.067202000000000000e+06 3.201604986857167911e+06 -1.087048424943389158e+00 5.178362164019709168e-02
-1.086835140891589946e+00 1.067202000000000000e+06 3.201604986857167911e+06 -1.086562135749759461e+00 5.228550216950148682e-02
-1.086835140891589946e+00 1.067202000000000000e+06 3.201604986857167911e+06 -1.086931205897700314e+00 5.201602875292059974e-02
-1.086835140891589946e+00 1.067202000000000000e+06 3.201604986857167911e+06 -1.086645042078666634e+00 5.210018909825880201e-02
-1.086835140891589946e+00 1.067202000000000000e+06 3.201604986857167911e+06 -1.086640720872393828e+00 5.229309261138394976e-02
-1.086835140891589946e+00 1.067202000000000000e+06 3.201604986857167911e+06 -1.086358728147484243e+00 5.198783747455166387e-02
-1.086835140891589946e+00 1.067202000000000000e+06 3.201604986857167911e+06 -1.087218769076920610e+00 5.179855949299731060e-02
-1.086835140891589946e+00 1.067202000000000000e+06 3.201604986857167911e+06 -1.086535230815205422e+00 5.196882672194842734e-02
-1.086835140891589946e+00 1.067202000000000000e+06 3.201604986857167911e+06 -1.086457112895629296e+00 5.209284195370628839e-02
-1.086835140891589946e+00 1.067202000000000000e+06 3.201604986857167911e+06 -1.086786334729928249e+00 5.231578847138170646e-02
-1.086835140891589946e+00 1.067202000000000000e+06 3.201604986857167911e+06 -1.087307794022516427e+00 5.182415801303223712e-02
-1.086835140891589946e+00 1.067202000000000000e+06 3.201604986857167911e+06 -1.086721415436282756e+00 5.215487690811106136e-02
-1.086835140891589946e+00 1.067202000000000000e+06 3.201604986857167911e+06 -1.086427183791287332e+00 5.212820801636747214e-02
-1.086835140891589946e+00 1.067202000000000000e+06 3.201604986857167911e+06 -1.085967687088696954e+00 5.248651394458769825e-02
-1.086835140891589946e+00 1.067202000000000000e+06 3.201604986857167911e+06 -1.087762706963065984e+00 5.149364829840297891e-02
-1.086835140891589946e+00 1.067202000000000000e+06 3.201604986857167911e+06 -1.086451512081535675e+00 5.211146883067181712e-02
-1.086835140891589946e+00 1.067202000000000000e+06 3.201604986857167911e+06 -1.087244059321872625e+00 5.166256381128732367e-02
-1.086835140891589946e+00 1.067202000000000000e+06 3.201604986857167911e+06 -1.086505946574723991e+00 5.212180630877778081e-02
-1.086835140891589946e+00 1.067202000000000000e+06 3.201604986857167911e+06 -1.086535280852583218e+00 5.219967515699638905e-02
-1.086835140891589946e+00 1.067202000000000000e+06 3.201604986857167911e+06 -1.086382244032927158e+00 5.210812714211564278e-02
-1.086835140891589946e+00 1.067202000000000000e+06 3.201604986857167911e+06 -1.087109552639925925e+00 5.181893445701794831e-02
-1.086835140891589946e+00 1.067202000000000000e+06 3.201604986857167911e+06 -1.086978987104992633e+00 5.176394074457118383e-02
-1.086835140891589946e+00 1.067202000000000000e+06 3.201604986857167911e+06 -1.086582264834988987e+00 5.201117706568917504e-02
-1.086835140891589946e+00 1.067202000000000000e+06 3.201604986857167911e+06 -1.087032279733738394e+00 5.207388394580019647e-02
-1.086835140891589946e+00 1.067202000000000000e+06 3.201604986857167911e+06 -1.086397422227903586e+00 5.204698257467340466e-02
-1.086835140891589946e+00 1.067202000000000000e+06 3.201604986857167911e+06 -1.086762676041121312e+00 5.196160067060037746e-02
-1.086835140891589946e+00 1.067202000000000000e+06 3.201604986857167911e+06 -1.085942956812713467e+00 5.271409355339120445e-02
-1.086835140891589946e+00 1.067202000000000000e+06 3.201604986857167911e+06 -1.086631248626259261e+00 5.218750085157701502e-02
-1.086835140891589946e+00 1.067202000000000000e+06 3.201604986857167911e+06 -1.086288343534264733e+00 5.234193220973330785e-02
-1.086835140891589946e+00 1.067202000000000000e+06 3.201604986857167911e+06 -1.087526718837134476e+00 5.131658731763221598e-02
-1.086835140891589946e+00 1.067202000000000000e+06 3.201604986857167911e+06 -1.087481909513306144e+00 5.168787522091031900e-02
-1.086835140891589946e+00 1.067202000000000000e+06 3.201604986857167911e+06 -1.086560623383786339e+00 5.210028293880155509e-02
-1.086835140891589946e+00 1.067202000000000000e+06 3.201604986857167911e+06 -1.086543433573432971e+00 5.211451055082638728e-02
-1.086835140891589946e+00 1.067202000000000000e+06 3.201604986857167911e+06 -1.086102948829198445e+00 5.269236115245614499e-02
-1.086835140891589946e+00 1.067202000000000000e+06 3.201604986857167911e+06 -1.086907074945892226e+00 5.190969057898402184e-02
-1.086835140891589946e+00 1.067202000000000000e+06 3.201604986857167911e+06 -1.087249113098005759e+00 5.178076511612691307e-02
-1.086835140891589946e+00 1.067202000000000000e+06 3.201604986857167911e+06 -1.086895065972923069e+00 5.174969634270741581e-02
-1.086835140891589946e+00 1.067202000000000000e+06 3.201604986857167911e+06 -1.086448942745994239e+00 5.229883756502094055e-02
-1.086835140891589946e+00 1.067202000000000000e+06 3.201604986857167911e+06 -1.087222365584413986e+00 5.179662399253006505e-02
-1.086835140891589946e+00 1.067202000000000000e+06 3.201604986857167911e+06 -1.086483085673030091e+00 5.220682163748374682e-02
-1.086835140891589946e+00 1.067202000000000000e+06 3.201604986857167911e+06 -1.086968672656565493e+00 5.176829384926930760e-02
-1.086835140891589946e+00 1.067202000000000000e+06 3.201604986857167911e+06 -1.086919069301236940e+00 5.201333113695245230e-02
-1.086835140891589946e+00 1.067202000000000000e+06 3.201604986857167911e+06 -1.087206312578509415e+00 5.169415903428826314e-02
-1.086835140891589946e+00 1.067202000000000000e+06 3.201604986857167911e+06 -1.086869115684212295e+00 5.190033115450650575e-02
-1.086835140891589946e+00 1.067202000000000000e+06 3.201604986857167911e+06 -1.087448948930401116e+00 5.193604654317156982e-02
-1.086835140891589946e+00 1.067202000000000000e+06 3.201604986857167911e+06 -1.086100744373070803e+00 5.266304133544696953e-02
-1.086835140891589946e+00 1.067202000000000000e+06 3.201604986857167911e+06 -1.086850863844366133e+00 5.225479931046344423e-02
-1.086835140891589946e+00 1.067202000000000000e+06 3.201604986857167911e+06 -1.086623822853074239e+00 5.188085482648613356e-02
-1.086835140891589946e+00 1.067202000000000000e+06 3.201604986857167911e+06 -1.087115418820815860e+00 5.208707404162166155e-02
-1.086835140891589946e+00 1.067202000000000000e+06 3.201604986857167911e+06 -1.087143498228452909e+00 5.197700836890739584e-02
-1.086835140891589946e+00 1.067202000000000000e+06 3.201604986857167911e+06 -1.087021498082298310e+00 5.226408803431648042e-02
-1.086835140891589946e+00 1.067202000000000000e+06 3.201604986857167911e+06 -1.086608857176438736e+00 5.197716319872767998e-02
-1.086835140891589946e+00 1.067202000000000000e+06 3.201604986857167911e+06 -1.086667343011362474e+00 5.190309121087265110e-02
-1.086835140891589946e+00 1.067202000000000000e+06 3.201604986857167911e+06 -1.086707701818812044e+00 5.207017283906385102e-02
-1.086835140891589946e+00 1.067202000000000000e+06 3.201604986857167911e+06 -1.086930326026752658e+00 5.188062210799494756e-02
-1.086835140891589946e+00 1.067202000000000000e+06 3.201604986857167911e+06 -1.086561375631252657e+00 5.198840726910795851e-02
-1.086835140891589946e+00 1.067202000000000000e+06 3.201604986857167911e+06 -1.086513286890793406e+00 5.202200210488889393e-02
-1.086835140891589946e+00 1.067202000000000000e+06 3.201604986857167911e+06 -1.086797188907475897e+00 5.204988412025138983e-02
-1.086835140891589946e+00 1.067202000000000000e+06 3.201604986857167911e+06 -1.086666493500227704e+00 5.211767067762256012e-02
-1.086835140891589946e+00 1.067202000000000000e+06 3.201604986857167911e+06 -1.087100307529825560e+00 5.164883693878978554e-02
-1.086835140891589946e+00 1.067202000000000000e+06 3.201604986857167911e+06 -1.086726611453524338e+00 5.216384152085876830e-02
-1.086835140891589946e+00 1.067202000000000000e+06 3.201604986857167911e+06 -1.086637316643366491e+00 5.203599954164849634e-02
-1.086835140891589946e+00 1.067202000000000000e+06 3.201604986857167911e+06 -1.087131301474721701e+00 5.191432926267135900e-02
-1.086835140891589946e+00 1.067202000000000000e+06 3.201604986857167911e+06 -1.086730947277477766e+00 5.187004270911413362e-02
-1.086835140891589946e+00 1.067202000000000000e+06 3.201604986857167911e+06 -1.087095001880080236e+00 5.186849891680862801e-02
-1.086835140891589946e+00 1.067202000000000000e+06 3.201604986857167911e+06 -1.087208179703977429e+00 5.201962235519068389e-02
-1.086835140891589946e+00 1.067202000000000000e+06 3.201604986857167911e+06 -1.086973681455268181e+00 5.211264244249369515e-02
-1.086835140891589946e+00 1.067202000000000000e+06 3.201604986857167911e+06 -1.087093262378065806e+00 5.204924982678255790e-02
-1.086835140891589946e+00 1.067202000000000000e+06 3.201604986857167911e+06 -1.087207594435205316e+00 5.143160796812026175e-02
-1.086835140891589946e+00 1.067202000000000000e+06 3.201604986857167911e+06 -1.087014951617804259e+00 5.170653186270202095e-02
-1.086835140891589946e+00 1.067202000000000000e+06 3.201604986857167911e+06 -1.086854777442718856e+00 5.217494467051284751e-02
-1.086835140891589946e+00 1.067202000000000000e+06 3.201604986857167911e+06 -1.086573369986580939e+00 5.223501229981073607e-02
-1.086835140891589946e+00 1.067202000000000000e+06 3.201604986857167911e+06 -1.086341020534478563e+00 5.195277897870499012e-02
-1.086835140891589946e+00 1.067202000000000000e+06 3.201604986857167911e+06 -1.087135565334802711e+00 5.188989457310459741e-02
-1.086835140891589946e+00 1.067202000000000000e+06 3.201604986857167911e+06 -1.086526190914587131e+00 5.223688513586912524e-02
-1.086835140891589946e+00 1.067202000000000000e+06 3.201604986857167911e+06 -1.086831418978258412e+00 5.183782323719495627e-02
-1.086835140891589946e+00 1.067202000000000000e+06 3.201604986857167911e+06 -1.086525518502051701e+00 5.225542944221729658e-02
-1.086835140891589946e+00 1.067202000000000000e+06 3.201604986857167911e+06 -1.086913565750843524e+00 5.190635677081986005e-02
-1.086835140891589946e+00 1.067202000000000000e+06 3.201604986857167911e+06 -1.086552748398551982e+00 5.224256143688523618e-02
-1.086835140891589946e+00 1.067202000000000000e+06 3.201604986857167911e+06 -1.086519810304339195e+00 5.225983461296178356e-02
-1.086835140891589946e+00 1.067202000000000000e+06 3.201604986857167911e+06 -1.086859771061530866e+00 5.195504155788768785e-02
-1.086835140891589946e+00 1.067202000000000000e+06 3.201604986857167911e+06 -1.086271792965556315e+00 5.213387237165253291e-02
-1.086835140891589946e+00 1.067202000000000000e+06 3.201604986857167911e+06 -1.086606188328398614e+00 5.250762150696443309e-02
-1.086835140891589946e+00 1.067202000000000000e+06 3.201604986857167911e+06 -1.086710603425066646e+00 5.198294130503604282e-02
-1.086835140891589946e+00 1.067202000000000000e+06 3.201604986857167911e+06 -1.086889482587587441e+00 5.184824693551118996e-02
-1.086835140891589946e+00 1.067202000000000000e+06 3.201604986857167911e+06 -1.086741014912300907e+00 5.211563274083670649e-02
