# Energy,SamplesEBS,SamplesHoeffding,E_estim,Var_estim
-1.064239135499680522e+00 9.386550000000000000e+05 2.815964020220187027e+06 -1.063596646690158076e+00 5.199170187904075119e-02
-1.064239135499680522e+00 9.386550000000000000e+05 2.815964020220187027e+06 -1.063654338174239156e+00 5.203465519439770537e-02
-1.064239135499680522e+00 9.386550000000000000e+05 2.815964020220187027e+06 -1.064025325597780958e+00 5.163429695260864788e-02
-1.064239135499680522e+00 9.386550000000000000e+05 2.815964020220187027e+06 -1.064458963515840129e+00 5.155555106286540540e-02
-1.064239135499680522e+00 9.386550000000000000e+05 2.815964020220187027e+06 -1.063132894193253852e+00 5.255663807794419551e-02
-1.064239135499680522e+00 9.386550000000000000e+05 2.815964020220187027e+06 -1.063591829584836335e+00 5.224746437143737432e-02
-1.064239135499680522e+00 9.386550000000000000e+05 2.815964020220187027e+06 -1.064568964314854593e+00 5.127710261165403793e-02
-1.064239135499680522e+00 9.386550000000000000e+05 2.815964020220187027e+06 -1.064074178051523933e+00 5.180941150709697518e-02
-1.064239135499680522e+00 9.386550000000000000e+05 2.815964020220187027e+06 -1.064316073955783759e+00 5.155840384017421063e-02
-1.064239135499680522e+00 9.386550000000000000e+05 2.815964020220187027e+06 -1.064161466352361529e+00 5.177830428355310183e-02
-1.064239135499680522e+00 9.386550000000000000e+05 2.815964020220187027e+06 -1.064184874952943005e+00 5.168643755187815603e-02
-1.064239135499680522e+00 9.386550000000000000e+05 2.815964020220187027e+06 -1.064922851525821557e+00 5.135851300400064851e-02
-1.064239135499680522e+00 9.386550000000000000e+05 2.815964020220187027e+06 -1.064049760773619457e+00 5.193161153352248566e-02
-1.064239135499680522e+00 9.386550000000000000e+05 2.815964020220187027e+06 -1.063679190116672002e+00 5.175786926143355338e-02
-1.064239135499680522e+00 9.386550000000000000e+05 2.815964020220187027e+06 -1.064393258863991276e+00 5.184526013711714815e-02
-1.064239135499680522e+00 9.386550000000000000e+05 2.815964020220187027e+06 -1.065326672738104774e+00 5.122235108811186433e-02
-1.064239135499680522e+00 9.386550000000000000e+05 2.815964020220187027e+06 -1.063782241397478900e+00 5.198368959220169006e-02
-1.064239135499680522e+00 9.386550000000000000e+05 2.815964020220187027e+06 -1.063357679018347657e+00 5.219490027896111356e-02
-1.064239135499680522e+00 9.386550000000000000e+05 2.815964020220187027e+06 -1.063792225257389701e+00 5.222758105063598361e-02
-1.064239135499680522e+00 9.386550000000000000e+05 2.815964020220187027e+06 -1.064145595984632209e+00 5.169654785992162938e-02
-1.064239135499680522e+00 9.386550000000000000e+05 2.815964020220187027e+06 -1.064274954694727215e+00 5.170278238410242616e-02
-1.064239135499680522e+00 9.386550000000000000e+05 2.815964020220187027e+06 -1.064464285599048488e+00 5.147271436877403489e-02
-1.064239135499680522e+00 9.386550000000000000e+05 2.815964020220187027e+06 -1.064211138915758692e+00 5.171221212429594205e-02
-1.064239135499680522e+00 9.386550000000000000e+05 2.815964020220187027e+06 -1.064421988908559102e+00 5.161245935080152614e-02
-1.064239135499680522e+00 9.386550000000000000e+05 2.815964020220187027e+06 -1.063482250026881903e+00 5.218252259838192242e-02
-1.064239135499680522e+00 9.386550000000000000e+05 2.815964020220187027e+06 -1.063728357702192318e+00 5.188718626698971687e-02
-1.064239135499680522e+00 9.386550000000000000e+05 2.815964020220187027e+06 -1.064429639003638517e+00 5.187060584325155904e-02
-1.064239135499680522e+00 9.386550000000000000e+05 2.815964020220187027e+06 -1.064148785654970952e+00 5.186942543182476717e-02
-1.064239135499680522e+00 9.386550000000000000e+05 2.815964020220187027e+06 -1.063552040524943010e+00 5.227210585613110277e-02
-1.064239135499680522e+00 9.386550000000000000e+05 2.815964020220187027e+06 -1.064798731162113432e+00 5.156280363232521036e-02
-1.064239135499680522e+00 9.386550000000000000e+05 2.815964020220187027e+06 -1.064244400976889660e+00 5.177953522904327199e-02
-1.064239135499680522e+00 9.386550000000000000e+05 2.815964020220187027e+06 -1.064168701598545930e+00 5.162409211663475384e-02
-1.064239135499680522e+00 9.386550000000000000e+05 2.815964020220187027e+06 -1.064658925163103342e+00 5.152903397760320858e-02
-1.064239135499680522e+00 9.386550000000000000e+05 2.815964020220187027e+06 -1.064140286046485473e+00 5.170392235515006846e-02
-1.064239135499680522e+00 9.386550000000000000e+05 2.815964020220187027e+06 -1.064174023042498529e+00 5.179640314041281113e-02
-1.064239135499680522e+00 9.386550000000000000e+05 2.815964020220187027e+06 -1.064219098389706408e+00 5.167449879583355110e-02
-1.064239135499680522e+00 9.386550000000000000e+05 2.815964020220187027e+06 -1.064496721158440851e+00 5.163872022949779483e-02
-1.064239135499680522e+00 9.386550000000000000e+05 2.815964020220187027e+06 -1.065198590535368250e+00 5.136076881776763248e-02
-1.064239135499680522e+00 9.386550000000000000e+05 2.815964020220187027e+06 -1.063855333428098238e+00 5.218383234749015415e-02
-1.064239135499680522e+00 9.386550000000000000e+05 2.815964020220187027e+06 -1.064166195246345925e+00 5.151972031886287856e-02
-1.064239135499680522e+00 9.386550000000000000e+05 2.815964020220187027e+06 -1.064444398420084426e+00 5.192462816364921269e-02
-1.064239135499680522e+00 9.386550000000000000e+05 2.815964020220187027e+06 -1.063818514149450056e+00 5.208530015172181671e-02
-1.064239135499680522e+00 9.386550000000000000e+05 2.815964020220187027e+06 -1.064281660672962371e+00 5.162592096680247711e-02
-1.064239135499680522e+00 9.386550000000000000e+05 2.815964020220187027e+06 -1.063949862728009066e+00 5.193581024496799620e-02
-1.064239135499680522e+00 9.386550000000000000e+05 2.815964020220187027e+06 -1.064382763634124984e+00 5.185566263293928113e-02
-1.064239135499680522e+00 9.386550000000000000e+05 2.815964020220187027e+06 -1.064013939305652467e+00 5.182139469900994000e-02
-1.064239135499680522e+00 9.386550000000000000e+05 2.815964020220187027e+06 -1.064013488021650522e+00 5.166702552280785787e-02
-1.064239135499680522e+00 9.386550000000000000e+05 2.815964020220187027e+06 -1.063917005288401496e+00 5.174147859081875550e-02
-1.064239135499680522e+00 9.386550000000000000e+05 2.815964020220187027e+06 -1.064292434599470649e+00 5.179405687571717043e-02
-1.064239135499680522e+00 9.386550000000000000e+05 2.815964020220187027e+06 -1.063249352956029403e+00 5.225829255756584552e-02
-1.064239135499680522e+00 9.386550000000000000e+05 2.815964020220187027e+06 -1.063627408152039600e+00 5.205421115122136483e-02
-1.064239135499680522e+00 9.386550000000000000e+05 2.815964020220187027e+06 -1.063999571087332452e+00 5.175667000595355477e-02
-1.064239135499680522e+00 9.386550000000000000e+05 2.815964020220187027e+06 -1.064425071191178240e+00 5.180606237778713485e-02
-1.064239135499680522e+00 9.386550000000000000e+05 2.815964020220187027e+06 -1.063991035682936070e+00 5.200895135723353907e-02
-1.064239135499680522e+00 9.386550000000000000e+05 2.815964020220187027e+06 -1.064492587371270504e+00 5.143064588300368806e-02
-1.064239135499680522e+00 9.386550000000000000e+05 2.815964020220187027e+06 -1.065091981397813692e+00 5.118526749086617367e-02
-1.064239135499680522e+00 9.386550000000000000e+05 2.815964020220187027e+06 -1.064187262411596446e+00 5.168400092045501160e-02
-1.064239135499680522e+00 9.386550000000000000e+05 2.815964020220187027e+06 -1.064564967958367747e+00 5.134410245015453428e-02
-1.064239135499680522e+00 9.386550000000000000e+05 2.815964020220187027e+06 -1.064677344710199147e+00 5.133920382971967483e-02
-1.064239135499680522e+00 9.386550000000000000e+05 2.815964020220187027e+06 -1.064804528180170129e+00 5.163251925155892125e-02
-1.064239135499680522e+00 9.386550000000000000e+05 2.815964020220187027e+06 -1.064065228437467647e+00 5.154475071321295426e-02
-1.064239135499680522e+00 9.386550000000000000e+05 2.815964020220187027e+06 -1.064184001149471870e+00 5.181817334357936150e-02
-1.064239135499680522e+00 9.386550000000000000e+05 2.815964020220187027e+06 -1.063719697651373641e+00 5.186278109079159315e-02
-1.064239135499680522e+00 9.386550000000000000e+05 2.815964020220187027e+06 -1.064666570144486846e+00 5.130742872906222246e-02
-1.064239135499680522e+00 9.386550000000000000e+05 2.815964020220187027e+06 -1.063525918467337350e+00 5.211104473051975106e-02
-1.064239135499680522e+00 9.386550000000000000e+05 2.815964020220187027e+06 -1.064718024193106682e+00 5.158035526521829311e-02
-1.064239135499680522e+00 9.386550000000000000e+05 2.815964020220187027e+06 -1.063885690907700132e+00 5.204073624879360094e-02
-1.064239135499680522e+00 9.386550000000000000e+05 2.815964020220187027e+06 -1.064623971745681796e+00 5.139204792486100348e-02
-1.064239135499680522e+00 9.386550000000000000e+05 2.815964020220187027e+06 -1.064253512950932512e+00 5.157282066213422084e-02
-1.064239135499680522e+00 9.386550000000000000e+05 2.815964020220187027e+06 -1.064080237146737717e+00 5.192310240551301775e-02
-1.064239135499680522e+00 9.386550000000000000e+05 2.815964020220187027e+06 -1.063916672258659268e+00 5.174604365157382119e-02
-1.064239135499680522e+00 9.386550000000000000e+05 2.815964020220187027e+06 -1.063632884285435676e+00 5.190799578966545647e-02
-1.064239135499680522e+00 9.386550000000000000e+05 2.815964020220187027e+06 -1.063960203907679203e+00 5.192533329053241470e-02
-1.064239135499680522e+00 9.386550000000000000e+05 2.815964020220187027e+06 -1.064842975533047964e+00 5.156092235554977921e-02
-1.064239135499680522e+00 9.386550000000000000e+05 2.815964020220187027e+06 -1.063773794843638321e+00 5.206832137871854338e-02
-1.064239135499680522e+00 9.386550000000000000e+05 2.815964020220187027e+06 -1.064325381528833159e+00 5.171153456642858803e-02
-1.064239135499680522e+00 9.386550000000000000e+05 2.815964020220187027e+06 -1.063743515347985058e+00 5.186235404576644559e-02
-1.064239135499680522e+00 9.386550000000000000e+05 2.815964020220187027e+06 -1.064487478785036023e+00 5.156063892879040461e-02
-1.064239135499680522e+00 9.386550000000000000e+05 2.815964020220187027e+06 -1.063969202741112952e+00 5.171247039042434213e-02
-1.064239135499680522e+00 9.386550000000000000e+05 2.815964020220187027e+06 -1.063899251161465997e+00 5.214335553660333356e-02
-1.064239135499680522e+00 9.386550000000000000e+05 2.815964020220187027e+06 -1.064624172458442430e+00 5.157928433329578982e-02
-1.064239135499680522e+00 9.386550000000000000e+05 2.815964020220187027e+06 -1.064011765343998439e+00 5.185131407259182396e-02
-1.064239135499680522e+00 9.386550000000000000e+05 2.815964020220187027e+06 -1.063402007765287705e+00 5.180716029448233229e-02
-1.064239135499680522e+00 9.386550000000000000e+05 2.815964020220187027e+06 -1.064591855792570430e+00 5.154497410441844646e-02
-1.064239135499680522e+00 9.386550000000000000e+05 2.815964020220187027e+06 -1.064782546301838106e+00 5.173096570385585236e-02
-1.064239135499680522e+00 9.386550000000000000e+05 2.815964020220187027e+06 -1.064509788579362626e+00 5.152820672731898977e-02
-1.064239135499680522e+00 9.386550000000000000e+05 2.815964020220187027e+06 -1.064378672034960616e+00 5.150846697125498197e-02
-1.064239135499680522e+00 9.386550000000000000e+05 2.815964020220187027e+06 -1.064010237626127120e+00 5.217022390025283229e-02
-1.064239135499680522e+00 9.386550000000000000e+05 2.815964020220187027e+06 -1.064671844925960675e+00 5.120047439927798844e-02
-1.064239135499680522e+00 9.386550000000000000e+05 2.815964020220187027e+06 -1.063751129647162452e+00 5.205578218641085386e-02
-1.064239135499680522e+00 9.386550000000000000e+05 2.815964020220187027e+06 -1.064283050960115995e+00 5.157343547489701141e-02
-1.064239135499680522e+00 9.386550000000000000e+05 2.815964020220187027e+06 -1.064459349600186400e+00 5.131164821026891476e-02
-1.064239135499680522e+00 9.386550000000000000e+05 2.815964020220187027e+06 -1.063347700272150753e+00 5.225515056895773530e-02
-1.064239135499680522e+00 9.386550000000000000e+05 2.815964020220187027e+06 -1.064132131612755217e+00 5.147287666935548844e-02
-1.064239135499680522e+00 9.386550000000000000e+05 2.815964020220187027e+06 -1.063795914791860975e+00 5.178655268181865667e-02
-1.064239135499680522e+00 9.386550000000000000e+05 2.815964020220187027e+06 -1.064108354186521277e+00 5.198051208541442508e-02
-1.064239135499680522e+00 9.386550000000000000e+05 2.815964020220187027e+06 -1.063995526150662618e+00 5.202966151141415890e-02
-1.064239135499680522e+00 9.386550000000000000e+05 2.815964020220187027e+06 -1.064251534588277037e+00 5.173210800065208836e-02
-1.064239135499680522e+00 9.386550000000000000e+05 2.815964020220187027e+06 -1.064755609887533927e+00 5.159298535836246563e-02
-1.064239135499680522e+00 9.386550000000000000e+05 2.815964020220187027e+06 -1.064491732744156094e+00 5.132903503619533347e-02
