# Energy,SamplesEBS,SamplesHoeffding,E_estim,Var_estim
-1.108916728018455977e+00 1.225998000000000000e+06 3.677993822328408249e+06 -1.109348395023215472e+00 5.094656253100297849e-02
-1.108916728018455977e+00 1.225998000000000000e+06 3.677993822328408249e+06 -1.108332623708741860e+00 5.167207318824508511e-02
-1.108916728018455977e+00 1.225998000000000000e+06 3.677993822328408249e+06 -1.109198428546922965e+00 5.117883562896651667e-02
-1.108916728018455977e+00 1.225998000000000000e+06 3.677993822328408249e+06 -1.109107758904719354e+00 5.117776758797189240e-02
-1.108916728018455977e+00 1.225998000000000000e+06 3.677993822328408249e+06 -1.109424248654286238e+00 5.110398224801555173e-02
-1.108916728018455977e+00 1.225998000000000000e+06 3.677993822328408249e+06 -1.109016095786181211e+00 5.116432427344013573e-02
-1.108916728018455977e+00 1.225998000000000000e+06 3.677993822328408249e+06 -1.108968504354540086e+00 5.162428159977970610e-02
-1.108916728018455977e+00 1.225998000000000000e+06 3.677993822328408249e+06 -1.108917170502450311e+00 5.153905826477451352e-02
-1.108916728018455977e+00 1.225998000000000000e+06 3.677993822328408249e+06 -1.109345268753837210e+00 5.096537297198576455e-02
-1.108916728018455977e+00 1.225998000000000000e+06 3.677993822328408249e+06 -1.108948195838538542e+00 5.118345435883851768e-02
-1.108916728018455977e+00 1.225998000000000000e+06 3.677993822328408249e+06 -1.109069568304080766e+00 5.112393983815427534e-02
-1.108916728018455977e+00 1.225998000000000000e+06 3.677993822328408249e+06 -1.108517220910374190e+00 5.161801653546685409e-02
-1.108916728018455977e+00 1.225998000000000000e+06 3.677993822328408249e+06 -1.109161073347322501e+00 5.086324575355059135e-02
-1.108916728018455977e+00 1.225998000000000000e+06 3.677993822328408249e+06 -1.109002905552591844e+00 5.088219580132977843e-02
-1.108916728018455977e+00 1.225998000000000000e+06 3.677993822328408249e+06 -1.108578874192020169e+00 5.162594816676916581e-02
-1.108916728018455977e+00 1.225998000000000000e+06 3.677993822328408249e+06 -1.108958218693395503e+00 5.123042675208368951e-02
-1.108916728018455977e+00 1.225998000000000000e+06 3.677993822328408249e+06 -1.108968975154674519e+00 5.084822302042647096e-02
-1.108916728018455977e+00 1.225998000000000000e+06 3.677993822328408249e+06 -1.109346740860641223e+00 5.096651798417706908e-02
-1.108916728018455977e+00 1.225998000000000000e+06 3.677993822328408249e+06 -1.108592642403718687e+00 5.125651400623213588e-02
-1.108916728018455977e+00 1.225998000000000000e+06 3.677993822328408249e+06 -1.109042211489463137e+00 5.121317213598976237e-02
-1.108916728018455977e+00 1.225998000000000000e+06 3.677993822328408249e+06 -1.108552709549015081e+00 5.174517147625783825e-02
-1.108916728018455977e+00 1.225998000000000000e+06 3.677993822328408249e+06 -1.109399304567918465e+00 5.099604563856210970e-02
-1.108916728018455977e+00 1.225998000000000000e+06 3.677993822328408249e+06 -1.109239074942760972e+00 5.098418937190084266e-02
-1.108916728018455977e+00 1.225998000000000000e+06 3.677993822328408249e+06 -1.108252485405108345e+00 5.139587167004949081e-02
-1.108916728018455977e+00 1.225998000000000000e+06 3.677993822328408249e+06 -1.109216810306109746e+00 5.098526203123998624e-02
-1.108916728018455977e+00 1.225998000000000000e+06 3.677993822328408249e+06 -1.108904954658710196e+00 5.143545623194515498e-02
-1.108916728018455977e+00 1.225998000000000000e+06 3.677993822328408249e+06 -1.108833823221295756e+00 5.124590336731027485e-02
-1.108916728018455977e+00 1.225998000000000000e+06 3.677993822328408249e+06 -1.109045407253239857e+00 5.109136343744797443e-02
-1.108916728018455977e+00 1.225998000000000000e+06 3.677993822328408249e+06 -1.109358169753678958e+00 5.087367356443093375e-02
-1.108916728018455977e+00 1.225998000000000000e+06 3.677993822328408249e+06 -1.108834733989506605e+00 5.150233906903015080e-02
-1.108916728018455977e+00 1.225998000000000000e+06 3.677993822328408249e+06 -1.108624086663832609e+00 5.112402423555999914e-02
-1.108916728018455977e+00 1.225998000000000000e+06 3.677993822328408249e+06 -1.108814245375328689e+00 5.126631069053897566e-02
-1.108916728018455977e+00 1.225998000000000000e+06 3.677993822328408249e+06 -1.108487334890970510e+00 5.148934668774772516e-02
-1.108916728018455977e+00 1.225998000000000000e+06 3.677993822328408249e+06 -1.108416519114765242e+00 5.184099553483136058e-02
-1.108916728018455977e+00 1.225998000000000000e+06 3.677993822328408249e+06 -1.109195349259679997e+00 5.107364985031981330e-02
-1.108916728018455977e+00 1.225998000000000000e+06 3.677993822328408249e+06 -1.108250187685192900e+00 5.201993306657210631e-02
-1.108916728018455977e+00 1.225998000000000000e+06 3.677993822328408249e+06 -1.108597282378658289e+00 5.179614703128870151e-02
-1.108916728018455977e+00 1.225998000000000000e+06 3.677993822328408249e+06 -1.108513638522793610e+00 5.173330433172449588e-02
-1.108916728018455977e+00 1.225998000000000000e+06 3.677993822328408249e+06 -1.108304457920556096e+00 5.176230338663279085e-02
-1.108916728018455977e+00 1.225998000000000000e+06 3.677993822328408249e+06 -1.108865828820016164e+00 5.122073215125696327e-02
-1.108916728018455977e+00 1.225998000000000000e+06 3.677993822328408249e+06 -1.109287046146615552e+00 5.113230901869519895e-02
-1.108916728018455977e+00 1.225998000000000000e+06 3.677993822328408249e+06 -1.108438524860292818e+00 5.184705937976620549e-02
-1.108916728018455977e+00 1.225998000000000000e+06 3.677993822328408249e+06 -1.108883273872928621e+00 5.144430669386942934e-02
-1.108916728018455977e+00 1.225998000000000000e+06 3.677993822328408249e+06 -1.109471590493342541e+00 5.074265608854648668e-02
-1.108916728018455977e+00 1.225998000000000000e+06 3.677993822328408249e+06 -1.108664241215455704e+00 5.121640647166370713e-02
-1.108916728018455977e+00 1.225998000000000000e+06 3.677993822328408249e+06 -1.108255433533892109e+00 5.178338390285502219e-02
-1.108916728018455977e+00 1.225998000000000000e+06 3.677993822328408249e+06 -1.109503917626005309e+00 5.130637314159009615e-02
-1.108916728018455977e+00 1.225998000000000000e+06 3.677993822328408249e+06 -1.108768822462735226e+00 5.155304320585449296e-02
-1.108916728018455977e+00 1.225998000000000000e+06 3.677993822328408249e+06 -1.108647406930246104e+00 5.183607162648494471e-02
-1.108916728018455977e+00 1.225998000000000000e+06 3.677993822328408249e+06 -1.109359412822585655e+00 5.087071950736366671e-02
-1.108916728018455977e+00 1.225998000000000000e+06 3.677993822328408249e+06 -1.108725776062986501e+00 5.110781359191648998e-02
-1.108916728018455977e+00 1.225998000000000000e+06 3.677993822328408249e+06 -1.108915283386818329e+00 5.146829764781175875e-02
-1.108916728018455977e+00 1.225998000000000000e+06 3.677993822328408249e+06 -1.108822931197013695e+00 5.135918345360507287e-02
-1.108916728018455977e+00 1.225998000000000000e+06 3.677993822328408249e+06 -1.109344258638002012e+00 5.091571692255015408e-02
-1.108916728018455977e+00 1.225998000000000000e+06 3.677993822328408249e+06 -1.109058593571660589e+00 5.112380987479974576e-02
-1.108916728018455977e+00 1.225998000000000000e+06 3.677993822328408249e+06 -1.108956953112212096e+00 5.135173475870749571e-02
-1.108916728018455977e+00 1.225998000000000000e+06 3.677993822328408249e+06 -1.109085956259032724e+00 5.147888764043961896e-02
-1.108916728018455977e+00 1.225998000000000000e+06 3.677993822328408249e+06 -1.108439782611124524e+00 5.146436460803537061e-02
-1.108916728018455977e+00 1.225998000000000000e+06 3.677993822328408249e+06 -1.109495558232280077e+00 5.090884577391396187e-02
-1.108916728018455977e+00 1.225998000000000000e+06 3.677993822328408249e+06 -1.109457611840848790e+00 5.098342967287894378e-02
-1.108916728018455977e+00 1.225998000000000000e+06 3.677993822328408249e+06 -1.108889338483147080e+00 5.126994038728057562e-02
-1.108916728018455977e+00 1.225998000000000000e+06 3.677993822328408249e+06 -1.108890647131297147e+00 5.121684420312983682e-02
-1.108916728018455977e+00 1.225998000000000000e+06 3.677993822328408249e+06 -1.108350654570132043e+00 5.163825344120392957e-02
-1.108916728018455977e+00 1.225998000000000000e+06 3.677993822328408249e+06 -1.108536229587383515e+00 5.133400741147882418e-02
-1.108916728018455977e+00 1.225998000000000000e+06 3.677993822328408249e+06 -1.109111945697845325e+00 5.082036880462818124e-02
-1.108916728018455977e+00 1.225998000000000000e+06 3.677993822328408249e+06 -1.108608675545696975e+00 5.175981617667751999e-02
-1.108916728018455977e+00 1.225998000000000000e+06 3.677993822328408249e+06 -1.108908604583097812e+00 5.130669936540634829e-02
-1.108916728018455977e+00 1.225998000000000000e+06 3.677993822328408249e+06 -1.109039579021880328e+00 5.100039235193964959e-02
-1.108916728018455977e+00 1.225998000000000000e+06 3.677993822328408249e+06 -1.109384415147220970e+00 5.090589696064069108e-02
-1.108916728018455977e+00 1.225998000000000000e+06 3.677993822328408249e+06 -1.108748717046576848e+00 5.151131926079486473e-02
-1.108916728018455977e+00 1.225998000000000000e+06 3.677993822328408249e+06 -1.108138191580808618e+00 5.159543380113749272e-02
-1.108916728018455977e+00 1.225998000000000000e+06 3.677993822328408249e+06 -1.109319801012446538e+00 5.108612464671644093e-02
-1.108916728018455977e+00 1.225998000000000000e+06 3.677993822328408249e+06 -1.108949104649155748e+00 5.130238891037230270e-02
-1.108916728018455977e+00 1.225998000000000000e+06 3.677993822328408249e+06 -1.108491187915206844e+00 5.169366977736352536e-02
-1.108916728018455977e+00 1.225998000000000000e+06 3.677993822328408249e+06 -1.109159452953160541e+00 5.082017931422299489e-02
-1.108916728018455977e+00 1.225998000000000000e+06 3.677993822328408249e+06 -1.108883455928698414e+00 5.136421659639273801e-02
-1.108916728018455977e+00 1.225998000000000000e+06 3.677993822328408249e+06 -1.109386529343163286e+00 5.107512362087072988e-02
-1.108916728018455977e+00 1.225998000000000000e+06 3.677993822328408249e+06 -1.109274208768424419e+00 5.098985849754978511e-02
-1.108916728018455977e+00 1.225998000000000000e+06 3.677993822328408249e+06 -1.108319210310032110e+00 5.195638590866980683e-02
-1.108916728018455977e+00 1.225998000000000000e+06 3.677993822328408249e+06 -1.109107505396961235e+00 5.112986431086469913e-02
-1.108916728018455977e+00 1.225998000000000000e+06 3.677993822328408249e+06 -1.108484366696900647e+00 5.197019950400012106e-02
-1.108916728018455977e+00 1.225998000000000000e+06 3.677993822328408249e+06 -1.108947944288380727e+00 5.131992750677793341e-02
-1.108916728018455977e+00 1.225998000000000000e+06 3.677993822328408249e+06 -1.108474683973103669e+00 5.207309394899354432e-02
-1.108916728018455977e+00 1.225998000000000000e+06 3.677993822328408249e+06 -1.108704253352513325e+00 5.151165563614833881e-02
-1.108916728018455977e+00 1.225998000000000000e+06 3.677993822328408249e+06 -1.108930758615973566e+00 5.136444642772063085e-02
-1.108916728018455977e+00 1.225998000000000000e+06 3.677993822328408249e+06 -1.108904685979650528e+00 5.113271057224383354e-02
-1.108916728018455977e+00 1.225998000000000000e+06 3.677993822328408249e+06 -1.108455915100741374e+00 5.161059137813729658e-02
-1.108916728018455977e+00 1.225998000000000000e+06 3.677993822328408249e+06 -1.108815781103791087e+00 5.106986620666044419e-02
-1.108916728018455977e+00 1.225998000000000000e+06 3.677993822328408249e+06 -1.109134597447687609e+00 5.133277550280436474e-02
-1.108916728018455977e+00 1.225998000000000000e+06 3.677993822328408249e+06 -1.108849228956049204e+00 5.118834202988462034e-02
-1.108916728018455977e+00 1.225998000000000000e+06 3.677993822328408249e+06 -1.108677773537698918e+00 5.181068956933457953e-02
-1.108916728018455977e+00 1.225998000000000000e+06 3.677993822328408249e+06 -1.109744181802639673e+00 5.075611879278010136e-02
-1.108916728018455977e+00 1.225998000000000000e+06 3.677993822328408249e+06 -1.108882019547891007e+00 5.131203889890089548e-02
-1.108916728018455977e+00 1.225998000000000000e+06 3.677993822328408249e+06 -1.109110263639625726e+00 5.138511755205339704e-02
-1.108916728018455977e+00 1.225998000000000000e+06 3.677993822328408249e+06 -1.109466753780723902e+00 5.090083171496643383e-02
-1.108916728018455977e+00 1.225998000000000000e+06 3.677993822328408249e+06 -1.108521436088546253e+00 5.149715663204640359e-02
-1.108916728018455977e+00 1.225998000000000000e+06 3.677993822328408249e+06 -1.108908689248811363e+00 5.129659860267973825e-02
-1.108916728018455977e+00 1.225998000000000000e+06 3.677993822328408249e+06 -1.109551951962130190e+00 5.058072511985897690e-02
-1.108916728018455977e+00 1.225998000000000000e+06 3.677993822328408249e+06 -1.108709679299371809e+00 5.099329706682129842e-02
-1.108916728018455977e+00 1.225998000000000000e+06 3.677993822328408249e+06 -1.109309838353457200e+00 5.093939194867308506e-02
