# Energy,SamplesEBS,SamplesHoeffding,E_estim,Var_estim
-9.603564069640456724e-01 5.063040000000000000e+05 1.518909658132574754e+06 -9.602979948835274060e-01 2.060718771111308065e-02
-9.603564069640456724e-01 5.063040000000000000e+05 1.518909658132574754e+06 -9.604651782358283318e-01 2.045689529256004835e-02
-9.603564069640456724e-01 5.063040000000000000e+05 1.518909658132574754e+06 -9.609807025058285657e-01 2.042719296279465330e-02
-9.603564069640456724e-01 5.063040000000000000e+05 1.518909658132574754e+06 -9.602702123655274535e-01 2.059573568014815004e-02
-9.603564069640456724e-01 5.063040000000000000e+05 1.518909658132574754e+06 -9.597158797906107930e-01 2.072616401454184173e-02
-9.603564069640456724e-01 5.063040000000000000e+05 1.518909658132574754e+06 -9.600225113795444187e-01 2.060510454813290621e-02
-9.603564069640456724e-01 5.063040000000000000e+05 1.518909658132574754e+06 -9.608188329571069053e-01 2.052917117482278009e-02
-9.603564069640456724e-01 5.063040000000000000e+05 1.518909658132574754e+06 -9.600017444095197972e-01 2.060325398476241937e-02
-9.603564069640456724e-01 5.063040000000000000e+05 1.518909658132574754e+06 -9.599544984861059227e-01 2.064366067978198535e-02
-9.603564069640456724e-01 5.063040000000000000e+05 1.518909658132574754e+06 -9.607561860098202677e-01 2.052448336287190922e-02
-9.603564069640456724e-01 5.063040000000000000e+05 1.518909658132574754e+06 -9.609489903329214711e-01 2.050025808308473738e-02
-9.603564069640456724e-01 5.063040000000000000e+05 1.518909658132574754e+06 -9.607067595782592395e-01 2.051742704941546605e-02
-9.603564069640456724e-01 5.063040000000000000e+05 1.518909658132574754e+06 -9.604019387591474777e-01 2.058008791769504880e-02
-9.603564069640456724e-01 5.063040000000000000e+05 1.518909658132574754e+06 -9.602508532452971313e-01 2.066925695021614232e-02
-9.603564069640456724e-01 5.063040000000000000e+05 1.518909658132574754e+06 -9.601482081941061786e-01 2.056441227359688539e-02
-9.603564069640456724e-01 5.063040000000000000e+05 1.518909658132574754e+06 -9.600774080424111512e-01 2.058283694953048915e-02
-9.603564069640456724e-01 5.063040000000000000e+05 1.518909658132574754e+06 -9.603080821038524340e-01 2.054247676960518215e-02
-9.603564069640456724e-01 5.063040000000000000e+05 1.518909658132574754e+06 -9.606852578717791635e-01 2.057916587840971645e-02
-9.603564069640456724e-01 5.063040000000000000e+05 1.518909658132574754e+06 -9.600324611330489644e-01 2.060697461710496795e-02
-9.603564069640456724e-01 5.063040000000000000e+05 1.518909658132574754e+06 -9.602707006097368492e-01 2.066058682230733495e-02
-9.603564069640456724e-01 5.063040000000000000e+05 1.518909658132574754e+06 -9.600705299612649624e-01 2.071072118025348713e-02
-9.603564069640456724e-01 5.063040000000000000e+05 1.518909658132574754e+06 -9.596144482395999598e-01 2.065663313212552990e-02
-9.603564069640456724e-01 5.063040000000000000e+05 1.518909658132574754e+06 -9.604470705376910722e-01 2.050765150528096811e-02
-9.603564069640456724e-01 5.063040000000000000e+05 1.518909658132574754e+06 -9.606497819521766512e-01 2.038393428283986203e-02
-9.603564069640456724e-01 5.063040000000000000e+05 1.518909658132574754e+06 -9.602076412619851009e-01 2.066458687531190150e-02
-9.603564069640456724e-01 5.063040000000000000e+05 1.518909658132574754e+06 -9.606852294303709350e-01 2.042769181166900760e-02
-9.603564069640456724e-01 5.063040000000000000e+05 1.518909658132574754e+06 -9.599956295062018752e-01 2.058035591493800540e-02
-9.603564069640456724e-01 5.063040000000000000e+05 1.518909658132574754e+06 -9.599819776290690054e-01 2.060634775414121531e-02
-9.603564069640456724e-01 5.063040000000000000e+05 1.518909658132574754e+06 -9.605985826726803900e-01 2.061167870769141722e-02
-9.603564069640456724e-01 5.063040000000000000e+05 1.518909658132574754e+06 -9.601364618914848270e-01 2.054435450880899225e-02
-9.603564069640456724e-01 5.063040000000000000e+05 1.518909658132574754e+06 -9.603000758467404863e-01 2.057934030420063148e-02
-9.603564069640456724e-01 5.063040000000000000e+05 1.518909658132574754e+06 -9.597376564307390501e-01 2.057621257263500883e-02
-9.603564069640456724e-01 5.063040000000000000e+05 1.518909658132574754e+06 -9.599309916601845849e-01 2.068292650850723363e-02
-9.603564069640456724e-01 5.063040000000000000e+05 1.518909658132574754e+06 -9.606474781979105204e-01 2.048286337522551778e-02
-9.603564069640456724e-01 5.063040000000000000e+05 1.518909658132574754e+06 -9.597677806249022003e-01 2.067198499898615163e-02
-9.603564069640456724e-01 5.063040000000000000e+05 1.518909658132574754e+06 -9.603963689828816097e-01 2.060856907247769765e-02
-9.603564069640456724e-01 5.063040000000000000e+05 1.518909658132574754e+06 -9.603044226423447238e-01 2.057906956537062376e-02
-9.603564069640456724e-01 5.063040000000000000e+05 1.518909658132574754e+06 -9.600596511216750173e-01 2.056760862562145853e-02
-9.603564069640456724e-01 5.063040000000000000e+05 1.518909658132574754e+06 -9.605188092559280300e-01 2.056572897101884706e-02
-9.603564069640456724e-01 5.063040000000000000e+05 1.518909658132574754e+06 -9.603433115312384194e-01 2.061492759917566905e-02
-9.603564069640456724e-01 5.063040000000000000e+05 1.518909658132574754e+06 -9.604061860098194181e-01 2.061897341507402601e-02
-9.603564069640456724e-01 5.063040000000000000e+05 1.518909658132574754e+06 -9.602086461918255544e-01 2.055275089859700394e-02
-9.603564069640456724e-01 5.063040000000000000e+05 1.518909658132574754e+06 -9.601227483912985194e-01 2.059122346255127731e-02
-9.603564069640456724e-01 5.063040000000000000e+05 1.518909658132574754e+06 -9.605438045156819982e-01 2.054907226840539322e-02
-9.603564069640456724e-01 5.063040000000000000e+05 1.518909658132574754e+06 -9.598623009130994310e-01 2.066004137955474579e-02
-9.603564069640456724e-01 5.063040000000000000e+05 1.518909658132574754e+06 -9.604121966279340894e-01 2.057717362573511025e-02
-9.603564069640456724e-01 5.063040000000000000e+05 1.518909658132574754e+06 -9.604583143753739893e-01 2.063117036964155077e-02
-9.603564069640456724e-01 5.063040000000000000e+05 1.518909658132574754e+06 -9.604220326158037224e-01 2.065725467937371690e-02
-9.603564069640456724e-01 5.063040000000000000e+05 1.518909658132574754e+06 -9.607029816108841880e-01 2.051997519858542174e-02
-9.603564069640456724e-01 5.063040000000000000e+05 1.518909658132574754e+06 -9.600987059187932049e-01 2.055708395810399228e-02
-9.603564069640456724e-01 5.063040000000000000e+05 1.518909658132574754e+06 -9.597617700067754276e-01 2.065011227301584776e-02
-9.603564069640456724e-01 5.063040000000000000e+05 1.518909658132574754e+06 -9.601026497944175064e-01 2.068898309607324765e-02
-9.603564069640456724e-01 5.063040000000000000e+05 1.518909658132574754e+06 -9.605183636738280351e-01 2.048077286227363916e-02
-9.603564069640456724e-01 5.063040000000000000e+05 1.518909658132574754e+06 -9.602582432718520522e-01 2.058412590501646627e-02
-9.603564069640456724e-01 5.063040000000000000e+05 1.518909658132574754e+06 -9.607283323882717108e-01 2.044432288709178633e-02
-9.603564069640456724e-01 5.063040000000000000e+05 1.518909658132574754e+06 -9.610451839241147542e-01 2.047689298740536581e-02
-9.603564069640456724e-01 5.063040000000000000e+05 1.518909658132574754e+06 -9.603013557102257902e-01 2.059717780851614763e-02
-9.603564069640456724e-01 5.063040000000000000e+05 1.518909658132574754e+06 -9.597141496047969511e-01 2.068819942269977535e-02
-9.603564069640456724e-01 5.063040000000000000e+05 1.518909658132574754e+06 -9.603239666317269219e-01 2.055918331913072356e-02
-9.603564069640456724e-01 5.063040000000000000e+05 1.518909658132574754e+06 -9.603968904087597513e-01 2.061750741109396809e-02
-9.603564069640456724e-01 5.063040000000000000e+05 1.518909658132574754e+06 -9.605635238937688669e-01 2.049998191265527819e-02
-9.603564069640456724e-01 5.063040000000000000e+05 1.518909658132574754e+06 -9.603352104694288238e-01 2.059172884962870778e-02
-9.603564069640456724e-01 5.063040000000000000e+05 1.518909658132574754e+06 -9.610465443715978662e-01 2.049922249435433969e-02
-9.603564069640456724e-01 5.063040000000000000e+05 1.518909658132574754e+06 -9.606576128205824849e-01 2.053439202011705933e-02
-9.603564069640456724e-01 5.063040000000000000e+05 1.518909658132574754e+06 -9.609242842274957619e-01 2.047084642752151212e-02
-9.603564069640456724e-01 5.063040000000000000e+05 1.518909658132574754e+06 -9.606998293545258027e-01 2.050513662976241602e-02
-9.603564069640456724e-01 5.063040000000000000e+05 1.518909658132574754e+06 -9.598681314023028710e-01 2.062604280669758788e-02
-9.603564069640456724e-01 5.063040000000000000e+05 1.518909658132574754e+06 -9.598635949972836867e-01 2.066147235139403210e-02
-9.603564069640456724e-01 5.063040000000000000e+05 1.518909658132574754e+06 -9.606310485429924162e-01 2.060502287121092693e-02
-9.603564069640456724e-01 5.063040000000000000e+05 1.518909658132574754e+06 -9.597566410723703534e-01 2.064543610443210844e-02
-9.603564069640456724e-01 5.063040000000000000e+05 1.518909658132574754e+06 -9.605377701963854209e-01 2.051528328380375008e-02
-9.603564069640456724e-01 5.063040000000000000e+05 1.518909658132574754e+06 -9.598837552172349019e-01 2.061384443418030551e-02
-9.603564069640456724e-01 5.063040000000000000e+05 1.518909658132574754e+06 -9.603384053878960547e-01 2.051679603353558437e-02
-9.603564069640456724e-01 5.063040000000000000e+05 1.518909658132574754e+06 -9.601161736851965278e-01 2.060812503304713245e-02
-9.603564069640456724e-01 5.063040000000000000e+05 1.518909658132574754e+06 -9.600204304163285629e-01 2.057674807773989326e-02
-9.603564069640456724e-01 5.063040000000000000e+05 1.518909658132574754e+06 -9.606139694758811798e-01 2.047438297976226368e-02
-9.603564069640456724e-01 5.063040000000000000e+05 1.518909658132574754e+06 -9.609614429305746164e-01 2.060244311447964258e-02
-9.603564069640456724e-01 5.063040000000000000e+05 1.518909658132574754e+06 -9.601264410344459987e-01 2.057205919978188219e-02
-9.603564069640456724e-01 5.063040000000000000e+05 1.518909658132574754e+06 -9.602914960211731410e-01 2.057845265173389657e-02
-9.603564069640456724e-01 5.063040000000000000e+05 1.518909658132574754e+06 -9.609783892710945796e-01 2.043112126459197680e-02
-9.603564069640456724e-01 5.063040000000000000e+05 1.518909658132574754e+06 -9.609149507045336991e-01 2.044367340082130224e-02
-9.603564069640456724e-01 5.063040000000000000e+05 1.518909658132574754e+06 -9.607394672005629133e-01 2.053001606710366800e-02
-9.603564069640456724e-01 5.063040000000000000e+05 1.518909658132574754e+06 -9.606149175228951842e-01 2.054620868702771233e-02
-9.603564069640456724e-01 5.063040000000000000e+05 1.518909658132574754e+06 -9.607498151338260683e-01 2.051557097059386603e-02
-9.603564069640456724e-01 5.063040000000000000e+05 1.518909658132574754e+06 -9.606050625740887305e-01 2.056575157083165642e-02
-9.603564069640456724e-01 5.063040000000000000e+05 1.518909658132574754e+06 -9.600110210496313190e-01 2.064478255192566183e-02
-9.603564069640456724e-01 5.063040000000000000e+05 1.518909658132574754e+06 -9.601989144891369676e-01 2.061163328163143765e-02
-9.603564069640456724e-01 5.063040000000000000e+05 1.518909658132574754e+06 -9.597407044019020672e-01 2.065913753030518621e-02
-9.603564069640456724e-01 5.063040000000000000e+05 1.518909658132574754e+06 -9.602807404277019510e-01 2.056096241349722464e-02
-9.603564069640456724e-01 5.063040000000000000e+05 1.518909658132574754e+06 -9.602891401243388581e-01 2.063155450304875183e-02
-9.603564069640456724e-01 5.063040000000000000e+05 1.518909658132574754e+06 -9.600414723200119127e-01 2.072526761160021005e-02
-9.603564069640456724e-01 5.063040000000000000e+05 1.518909658132574754e+06 -9.603174014060975594e-01 2.060453035638236050e-02
-9.603564069640456724e-01 5.063040000000000000e+05 1.518909658132574754e+06 -9.608351915084916151e-01 2.052214959151118373e-02
-9.603564069640456724e-01 5.063040000000000000e+05 1.518909658132574754e+06 -9.602328356116319741e-01 2.055365571396209484e-02
-9.603564069640456724e-01 5.063040000000000000e+05 1.518909658132574754e+06 -9.607190083457993746e-01 2.047795701186380310e-02
-9.603564069640456724e-01 5.063040000000000000e+05 1.518909658132574754e+06 -9.606144008372754506e-01 2.043754665521215624e-02
-9.603564069640456724e-01 5.063040000000000000e+05 1.518909658132574754e+06 -9.598863149442111720e-01 2.063678131336679766e-02
-9.603564069640456724e-01 5.063040000000000000e+05 1.518909658132574754e+06 -9.607694539279125756e-01 2.051478012247019700e-02
-9.603564069640456724e-01 5.063040000000000000e+05 1.518909658132574754e+06 -9.605260238937789463e-01 2.056490316106260666e-02
-9.603564069640456724e-01 5.063040000000000000e+05 1.518909658132574754e+06 -9.605845089146333171e-01 2.053891552815505575e-02
