# Energy,SamplesEBS,SamplesHoeffding,E_estim,Var_estim
-9.576146716412123894e-01 5.059290000000000000e+05 1.517778605370200472e+06 -9.579326441072424370e-01 1.821513843934282478e-02
-9.576146716412123894e-01 5.059290000000000000e+05 1.517778605370200472e+06 -9.579811773994594271e-01 1.831123497658599525e-02
-9.576146716412123894e-01 5.059290000000000000e+05 1.517778605370200472e+06 -9.578963674755440749e-01 1.828599672616945324e-02
-9.576146716412123894e-01 5.059290000000000000e+05 1.517778605370200472e+06 -9.572581245600344513e-01 1.827421835151171389e-02
-9.576146716412123894e-01 5.059290000000000000e+05 1.517778605370200472e+06 -9.580597113439444090e-01 1.820036734539893022e-02
-9.576146716412123894e-01 5.059290000000000000e+05 1.517778605370200472e+06 -9.573448450287107558e-01 1.833470014092555833e-02
-9.576146716412123894e-01 5.059290000000000000e+05 1.517778605370200472e+06 -9.575032174485639258e-01 1.829440669805989031e-02
-9.576146716412123894e-01 5.059290000000000000e+05 1.517778605370200472e+06 -9.576309689710058581e-01 1.826222278796725204e-02
-9.576146716412123894e-01 5.059290000000000000e+05 1.517778605370200472e+06 -9.576001002127384476e-01 1.821761826323396380e-02
-9.576146716412123894e-01 5.059290000000000000e+05 1.517778605370200472e+06 -9.577987838224955031e-01 1.827913625372394948e-02
-9.576146716412123894e-01 5.059290000000000000e+05 1.517778605370200472e+06 -9.580837028526267840e-01 1.825095648159385728e-02
-9.576146716412123894e-01 5.059290000000000000e+05 1.517778605370200472e+06 -9.573423450731874951e-01 1.823270162548686416e-02
-9.576146716412123894e-01 5.059290000000000000e+05 1.517778605370200472e+06 -9.572999584932468942e-01 1.829599317441506917e-02
-9.576146716412123894e-01 5.059290000000000000e+05 1.517778605370200472e+06 -9.578578423069867842e-01 1.826286572761050969e-02
-9.576146716412123894e-01 5.059290000000000000e+05 1.517778605370200472e+06 -9.580815207282799006e-01 1.816686189449365565e-02
-9.576146716412123894e-01 5.059290000000000000e+05 1.517778605370200472e+06 -9.573561173613915898e-01 1.835085182858648897e-02
-9.576146716412123894e-01 5.059290000000000000e+05 1.517778605370200472e+06 -9.578501965701353704e-01 1.826764163886187772e-02
-9.576146716412123894e-01 5.059290000000000000e+05 1.517778605370200472e+06 -9.574551514155772436e-01 1.824542152839855186e-02
-9.576146716412123894e-01 5.059290000000000000e+05 1.517778605370200472e+06 -9.578028337978921058e-01 1.822838420485867889e-02
-9.576146716412123894e-01 5.059290000000000000e+05 1.517778605370200472e+06 -9.574524237601126364e-01 1.830444717257111512e-02
-9.576146716412123894e-01 5.059290000000000000e+05 1.517778605370200472e+06 -9.579179123958722064e-01 1.826116546702617749e-02
-9.576146716412123894e-01 5.059290000000000000e+05 1.517778605370200472e+06 -9.572627283680728016e-01 1.820471771139689499e-02
-9.576146716412123894e-01 5.059290000000000000e+05 1.517778605370200472e+06 -9.578665850357129807e-01 1.824265758719657848e-02
-9.576146716412123894e-01 5.059290000000000000e+05 1.517778605370200472e+06 -9.578166689407593415e-01 1.817010191276146117e-02
-9.576146716412123894e-01 5.059290000000000000e+05 1.517778605370200472e+06 -9.576638965161697881e-01 1.836131940121860096e-02
-9.576146716412123894e-01 5.059290000000000000e+05 1.517778605370200472e+06 -9.578020641246716149e-01 1.826075932751923189e-02
-9.576146716412123894e-01 5.059290000000000000e+05 1.517778605370200472e+06 -9.577608777131461082e-01 1.822808299802497478e-02
-9.576146716412123894e-01 5.059290000000000000e+05 1.517778605370200472e+06 -9.572712647437258138e-01 1.831668260165877221e-02
-9.576146716412123894e-01 5.059290000000000000e+05 1.517778605370200472e+06 -9.576919723924404160e-01 1.818290618121298774e-02
-9.576146716412123894e-01 5.059290000000000000e+05 1.517778605370200472e+06 -9.578540947455641552e-01 1.825050774528263683e-02
-9.576146716412123894e-01 5.059290000000000000e+05 1.517778605370200472e+06 -9.571158287042837998e-01 1.837508805129709974e-02
-9.576146716412123894e-01 5.059290000000000000e+05 1.517778605370200472e+06 -9.576435150001959551e-01 1.828614021498308623e-02
-9.576146716412123894e-01 5.059290000000000000e+05 1.517778605370200472e+06 -9.578015328248150606e-01 1.824469611433541041e-02
-9.576146716412123894e-01 5.059290000000000000e+05 1.517778605370200472e+06 -9.570209489879519804e-01 1.832990342630723066e-02
-9.576146716412123894e-01 5.059290000000000000e+05 1.517778605370200472e+06 -9.573352911189744185e-01 1.832136707653714974e-02
-9.576146716412123894e-01 5.059290000000000000e+05 1.517778605370200472e+06 -9.575877368178808968e-01 1.829597994110925691e-02
-9.576146716412123894e-01 5.059290000000000000e+05 1.517778605370200472e+06 -9.575061194367753270e-01 1.832049363221932570e-02
-9.576146716412123894e-01 5.059290000000000000e+05 1.517778605370200472e+06 -9.579455388019580964e-01 1.807851432117205809e-02
-9.576146716412123894e-01 5.059290000000000000e+05 1.517778605370200472e+06 -9.578005449391748805e-01 1.815373614153006562e-02
-9.576146716412123894e-01 5.059290000000000000e+05 1.517778605370200472e+06 -9.577288408067883285e-01 1.825481989447508280e-02
-9.576146716412123894e-01 5.059290000000000000e+05 1.517778605370200472e+06 -9.574743968037586761e-01 1.829045964807428717e-02
-9.576146716412123894e-01 5.059290000000000000e+05 1.517778605370200472e+06 -9.584503934357120336e-01 1.817528475184941594e-02
-9.576146716412123894e-01 5.059290000000000000e+05 1.517778605370200472e+06 -9.575381089056632655e-01 1.823863327689239158e-02
-9.576146716412123894e-01 5.059290000000000000e+05 1.517778605370200472e+06 -9.578027804307233106e-01 1.829987079378951609e-02
-9.576146716412123894e-01 5.059290000000000000e+05 1.517778605370200472e+06 -9.574511263448651777e-01 1.820341040270849128e-02
-9.576146716412123894e-01 5.059290000000000000e+05 1.517778605370200472e+06 -9.576673855432888960e-01 1.827925298569699555e-02
-9.576146716412123894e-01 5.059290000000000000e+05 1.517778605370200472e+06 -9.574620357807713811e-01 1.829610881167121131e-02
-9.576146716412123894e-01 5.059290000000000000e+05 1.517778605370200472e+06 -9.574568983010052214e-01 1.824420413646861416e-02
-9.576146716412123894e-01 5.059290000000000000e+05 1.517778605370200472e+06 -9.574078147339446510e-01 1.826033466805980846e-02
-9.576146716412123894e-01 5.059290000000000000e+05 1.517778605370200472e+06 -9.576725099777431138e-01 1.830173717766767766e-02
-9.576146716412123894e-01 5.059290000000000000e+05 1.517778605370200472e+06 -9.574742592350555803e-01 1.831287146060458365e-02
-9.576146716412123894e-01 5.059290000000000000e+05 1.517778605370200472e+06 -9.571840888751741439e-01 1.833365313300170524e-02
-9.576146716412123894e-01 5.059290000000000000e+05 1.517778605370200472e+06 -9.576039165585046309e-01 1.834759454562407202e-02
-9.576146716412123894e-01 5.059290000000000000e+05 1.517778605370200472e+06 -9.573281766819773386e-01 1.828662649156224257e-02
-9.576146716412123894e-01 5.059290000000000000e+05 1.517778605370200472e+06 -9.577024643784670666e-01 1.823660368932908046e-02
-9.576146716412123894e-01 5.059290000000000000e+05 1.517778605370200472e+06 -9.580582870334287682e-01 1.822537063629444190e-02
-9.576146716412123894e-01 5.059290000000000000e+05 1.517778605370200472e+06 -9.577474754373267452e-01 1.819060131765912539e-02
-9.576146716412123894e-01 5.059290000000000000e+05 1.517778605370200472e+06 -9.582608534014266377e-01 1.813410682986420566e-02
-9.576146716412123894e-01 5.059290000000000000e+05 1.517778605370200472e+06 -9.572615886824632492e-01 1.835318954340691908e-02
-9.576146716412123894e-01 5.059290000000000000e+05 1.517778605370200472e+06 -9.573796997217626226e-01 1.823988624406697526e-02
-9.576146716412123894e-01 5.059290000000000000e+05 1.517778605370200472e+06 -9.578633687741425762e-01 1.823279000976579800e-02
-9.576146716412123894e-01 5.059290000000000000e+05 1.517778605370200472e+06 -9.576904555788160467e-01 1.819116157586668850e-02
-9.576146716412123894e-01 5.059290000000000000e+05 1.517778605370200472e+06 -9.578051380737840903e-01 1.817518060019355369e-02
-9.576146716412123894e-01 5.059290000000000000e+05 1.517778605370200472e+06 -9.576294047198851134e-01 1.826212216728308885e-02
-9.576146716412123894e-01 5.059290000000000000e+05 1.517778605370200472e+06 -9.583402269894203407e-01 1.823908890679715525e-02
-9.576146716412123894e-01 5.059290000000000000e+05 1.517778605370200472e+06 -9.579459823424515408e-01 1.829771412593124078e-02
-9.576146716412123894e-01 5.059290000000000000e+05 1.517778605370200472e+06 -9.574948554056628147e-01 1.837749899275718801e-02
-9.576146716412123894e-01 5.059290000000000000e+05 1.517778605370200472e+06 -9.580316200505040181e-01 1.819769613059687291e-02
-9.576146716412123894e-01 5.059290000000000000e+05 1.517778605370200472e+06 -9.571695243809489329e-01 1.826503705862473834e-02
-9.576146716412123894e-01 5.059290000000000000e+05 1.517778605370200472e+06 -9.578527285459663698e-01 1.821452252625085227e-02
-9.576146716412123894e-01 5.059290000000000000e+05 1.517778605370200472e+06 -9.576055946595886104e-01 1.829162399942739145e-02
-9.576146716412123894e-01 5.059290000000000000e+05 1.517778605370200472e+06 -9.570585076177295925e-01 1.835562443437085620e-02
-9.576146716412123894e-01 5.059290000000000000e+05 1.517778605370200472e+06 -9.574035465461170347e-01 1.822374880272289999e-02
-9.576146716412123894e-01 5.059290000000000000e+05 1.517778605370200472e+06 -9.578456508730205377e-01 1.824494722701145918e-02
-9.576146716412123894e-01 5.059290000000000000e+05 1.517778605370200472e+06 -9.569884815864084793e-01 1.824314872437171262e-02
-9.576146716412123894e-01 5.059290000000000000e+05 1.517778605370200472e+06 -9.574103704285257255e-01 1.820207964310887466e-02
-9.576146716412123894e-01 5.059290000000000000e+05 1.517778605370200472e+06 -9.570880362670105557e-01 1.832681434246473048e-02
-9.576146716412123894e-01 5.059290000000000000e+05 1.517778605370200472e+06 -9.574666348450698861e-01 1.820993340746029573e-02
-9.576146716412123894e-01 5.059290000000000000e+05 1.517778605370200472e+06 -9.573542720431769126e-01 1.830120936676327484e-02
-9.576146716412123894e-01 5.059290000000000000e+05 1.517778605370200472e+06 -9.573930830225810817e-01 1.831123022853975088e-02
-9.576146716412123894e-01 5.059290000000000000e+05 1.517778605370200472e+06 -9.578807403816219646e-01 1.821646983743506476e-02
-9.576146716412123894e-01 5.059290000000000000e+05 1.517778605370200472e+06 -9.576358799367783448e-01 1.820632339822882487e-02
-9.576146716412123894e-01 5.059290000000000000e+05 1.517778605370200472e+06 -9.580097371380833504e-01 1.810398391741533872e-02
-9.576146716412123894e-01 5.059290000000000000e+05 1.517778605370200472e+06 -9.576290738434231065e-01 1.835470846430935915e-02
-9.576146716412123894e-01 5.059290000000000000e+05 1.517778605370200472e+06 -9.569053094416950511e-01 1.833067074872145666e-02
-9.576146716412123894e-01 5.059290000000000000e+05 1.517778605370200472e+06 -9.578628505196079557e-01 1.825446667484092317e-02
-9.576146716412123894e-01 5.059290000000000000e+05 1.517778605370200472e+06 -9.573532367200399129e-01 1.818045487625117099e-02
-9.576146716412123894e-01 5.059290000000000000e+05 1.517778605370200472e+06 -9.576744181506255948e-01 1.821817816151815803e-02
-9.576146716412123894e-01 5.059290000000000000e+05 1.517778605370200472e+06 -9.576500613732972234e-01 1.829111108185895243e-02
-9.576146716412123894e-01 5.059290000000000000e+05 1.517778605370200472e+06 -9.573945369815278772e-01 1.821572738106162076e-02
-9.576146716412123894e-01 5.059290000000000000e+05 1.517778605370200472e+06 -9.577185492441293579e-01 1.824809753355745648e-02
-9.576146716412123894e-01 5.059290000000000000e+05 1.517778605370200472e+06 -9.573985988162986294e-01 1.830320465565437107e-02
-9.576146716412123894e-01 5.059290000000000000e+05 1.517778605370200472e+06 -9.573149226482872143e-01 1.838517141308620984e-02
-9.576146716412123894e-01 5.059290000000000000e+05 1.517778605370200472e+06 -9.578241035808071624e-01 1.817124897078653545e-02
-9.576146716412123894e-01 5.059290000000000000e+05 1.517778605370200472e+06 -9.577580682280105728e-01 1.823723686904480876e-02
-9.576146716412123894e-01 5.059290000000000000e+05 1.517778605370200472e+06 -9.571477600622417814e-01 1.828440576251066582e-02
-9.576146716412123894e-01 5.059290000000000000e+05 1.517778605370200472e+06 -9.577030775079750091e-01 1.820754125664277023e-02
-9.576146716412123894e-01 5.059290000000000000e+05 1.517778605370200472e+06 -9.570690494131157688e-01 1.833600495659670065e-02
-9.576146716412123894e-01 5.059290000000000000e+05 1.517778605370200472e+06 -9.571263076450031715e-01 1.838856229055346042e-02
-9.576146716412123894e-01 5.059290000000000000e+05 1.517778605370200472e+06 -9.574932401592548548e-01 1.826597816376578087e-02
