# Energy,SamplesEBS,SamplesHoeffding,E_estim,Var_estim
-9.552900453924040303e-01 4.927200000000000000e+05 1.515894453599243192e+06 -9.552322333154599221e-01 1.611814784160128800e-02
-9.552900453924040303e-01 4.927200000000000000e+05 1.515894453599243192e+06 -9.558342815375673318e-01 1.602071146768565754e-02
-9.552900453924040303e-01 5.052990000000000000e+05 1.515894453599243192e+06 -9.548616559685083605e-01 1.616721783199703485e-02
-9.552900453924040303e-01 5.052990000000000000e+05 1.515894453599243192e+06 -9.548568956187142298e-01 1.620062630505800932e-02
-9.552900453924040303e-01 5.052990000000000000e+05 1.515894453599243192e+06 -9.552400283777212620e-01 1.615700575362542107e-02
-9.552900453924040303e-01 5.052990000000000000e+05 1.515894453599243192e+06 -9.548332137986211832e-01 1.618767284436475884e-02
-9.552900453924040303e-01 5.052990000000000000e+05 1.515894453599243192e+06 -9.548507459924342466e-01 1.617611669628560983e-02
-9.552900453924040303e-01 5.052990000000000000e+05 1.515894453599243192e+06 -9.552860917975953825e-01 1.616302068929056923e-02
-9.552900453924040303e-01 4.927200000000000000e+05 1.515894453599243192e+06 -9.549627995599881958e-01 1.611705532981040287e-02
-9.552900453924040303e-01 5.052990000000000000e+05 1.515894453599243192e+06 -9.552464974188273894e-01 1.613815073962268296e-02
-9.552900453924040303e-01 4.927200000000000000e+05 1.515894453599243192e+06 -9.557532671683856007e-01 1.608255296456266234e-02
-9.552900453924040303e-01 5.052990000000000000e+05 1.515894453599243192e+06 -9.551380412374341766e-01 1.623650355974261272e-02
-9.552900453924040303e-01 4.927200000000000000e+05 1.515894453599243192e+06 -9.555357866520457488e-01 1.609319129841498691e-02
-9.552900453924040303e-01 5.052990000000000000e+05 1.515894453599243192e+06 -9.549118979044723954e-01 1.625505849812737200e-02
-9.552900453924040303e-01 4.927200000000000000e+05 1.515894453599243192e+06 -9.553332890874888239e-01 1.610199787355767048e-02
-9.552900453924040303e-01 4.927200000000000000e+05 1.515894453599243192e+06 -9.549339417908486727e-01 1.608688985264221730e-02
-9.552900453924040303e-01 5.052990000000000000e+05 1.515894453599243192e+06 -9.552472443033337424e-01 1.618372615217666954e-02
-9.552900453924040303e-01 5.052990000000000000e+05 1.515894453599243192e+06 -9.552514916895527008e-01 1.620138482276369668e-02
-9.552900453924040303e-01 4.927200000000000000e+05 1.515894453599243192e+06 -9.557040075482921004e-01 1.605521261260857077e-02
-9.552900453924040303e-01 4.927200000000000000e+05 1.515894453599243192e+06 -9.556770677041738216e-01 1.603562751714144446e-02
-9.552900453924040303e-01 4.927200000000000000e+05 1.515894453599243192e+06 -9.555788443724634318e-01 1.606996609582790614e-02
-9.552900453924040303e-01 4.927200000000000000e+05 1.515894453599243192e+06 -9.552946237197490476e-01 1.607974716025291351e-02
-9.552900453924040303e-01 4.927200000000000000e+05 1.515894453599243192e+06 -9.554733170953093602e-01 1.609422068975621678e-02
-9.552900453924040303e-01 4.927200000000000000e+05 1.515894453599243192e+06 -9.554189137830808587e-01 1.610342584724830731e-02
-9.552900453924040303e-01 5.052990000000000000e+05 1.515894453599243192e+06 -9.554466434709633083e-01 1.617098886651534631e-02
-9.552900453924040303e-01 5.052990000000000000e+05 1.515894453599243192e+06 -9.551110572140983912e-01 1.621315654345395832e-02
-9.552900453924040303e-01 5.052990000000000000e+05 1.515894453599243192e+06 -9.546124268981964756e-01 1.619754773154295432e-02
-9.552900453924040303e-01 4.927200000000000000e+05 1.515894453599243192e+06 -9.555032099350384556e-01 1.610259904594979127e-02
-9.552900453924040303e-01 4.927200000000000000e+05 1.515894453599243192e+06 -9.550665221610341593e-01 1.603731385118925892e-02
-9.552900453924040303e-01 4.927200000000000000e+05 1.515894453599243192e+06 -9.551630321464358309e-01 1.610840993543538602e-02
-9.552900453924040303e-01 5.052990000000000000e+05 1.515894453599243192e+06 -9.552404475354928648e-01 1.618428851508661379e-02
-9.552900453924040303e-01 4.927200000000000000e+05 1.515894453599243192e+06 -9.550311215278409760e-01 1.612301405710803853e-02
-9.552900453924040303e-01 4.927200000000000000e+05 1.515894453599243192e+06 -9.558101936174627777e-01 1.603184658585239675e-02
-9.552900453924040303e-01 5.052990000000000000e+05 1.515894453599243192e+06 -9.549082786612160811e-01 1.618015257276659777e-02
-9.552900453924040303e-01 5.052990000000000000e+05 1.515894453599243192e+06 -9.551789227748956890e-01 1.619879503552642402e-02
-9.552900453924040303e-01 4.927200000000000000e+05 1.515894453599243192e+06 -9.553189624922676648e-01 1.613102348347944526e-02
-9.552900453924040303e-01 4.927200000000000000e+05 1.515894453599243192e+06 -9.553949963451761063e-01 1.611926700070047749e-02
-9.552900453924040303e-01 4.927200000000000000e+05 1.515894453599243192e+06 -9.553501838756203179e-01 1.606787255313560023e-02
-9.552900453924040303e-01 5.052990000000000000e+05 1.515894453599243192e+06 -9.551057649020323614e-01 1.617704698989657838e-02
-9.552900453924040303e-01 5.052990000000000000e+05 1.515894453599243192e+06 -9.553629460957463460e-01 1.615659043574191323e-02
-9.552900453924040303e-01 4.927200000000000000e+05 1.515894453599243192e+06 -9.551347564523327005e-01 1.608656483001155713e-02
-9.552900453924040303e-01 4.927200000000000000e+05 1.515894453599243192e+06 -9.551965160724064097e-01 1.612357697798010026e-02
-9.552900453924040303e-01 4.927200000000000000e+05 1.515894453599243192e+06 -9.551158341435127541e-01 1.611785445784355911e-02
-9.552900453924040303e-01 4.927200000000000000e+05 1.515894453599243192e+06 -9.552857659506374111e-01 1.611612244718760995e-02
-9.552900453924040303e-01 5.052990000000000000e+05 1.515894453599243192e+06 -9.553462225320710210e-01 1.616846464721098664e-02
-9.552900453924040303e-01 4.927200000000000000e+05 1.515894453599243192e+06 -9.549072284445406789e-01 1.611872222832817433e-02
-9.552900453924040303e-01 5.052990000000000000e+05 1.515894453599243192e+06 -9.552096887174449380e-01 1.616010308515597460e-02
-9.552900453924040303e-01 5.052990000000000000e+05 1.515894453599243192e+06 -9.553702617642980677e-01 1.619953442347153716e-02
-9.552900453924040303e-01 5.052990000000000000e+05 1.515894453599243192e+06 -9.554104047291536173e-01 1.615280358848498674e-02
-9.552900453924040303e-01 4.927200000000000000e+05 1.515894453599243192e+06 -9.553138930816676977e-01 1.611448980582420171e-02
-9.552900453924040303e-01 4.927200000000000000e+05 1.515894453599243192e+06 -9.557647418395677219e-01 1.601760419332216162e-02
-9.552900453924040303e-01 4.927200000000000000e+05 1.515894453599243192e+06 -9.556536933739062656e-01 1.606343650764819123e-02
-9.552900453924040303e-01 5.052990000000000000e+05 1.515894453599243192e+06 -9.549331134619900574e-01 1.620332476484840495e-02
-9.552900453924040303e-01 5.052990000000000000e+05 1.515894453599243192e+06 -9.556052442202369601e-01 1.613864699735080566e-02
-9.552900453924040303e-01 4.927200000000000000e+05 1.515894453599243192e+06 -9.557170725750866458e-01 1.603857656055191622e-02
-9.552900453924040303e-01 4.927200000000000000e+05 1.515894453599243192e+06 -9.555388066228330812e-01 1.611980379728398735e-02
-9.552900453924040303e-01 5.052990000000000000e+05 1.515894453599243192e+06 -9.553075115906253245e-01 1.613788652712265861e-02
-9.552900453924040303e-01 4.927200000000000000e+05 1.515894453599243192e+06 -9.554208670222270605e-01 1.606320810480163161e-02
-9.552900453924040303e-01 5.052990000000000000e+05 1.515894453599243192e+06 -9.551920330323959707e-01 1.616496390637845587e-02
-9.552900453924040303e-01 4.927200000000000000e+05 1.515894453599243192e+06 -9.554694788098671010e-01 1.601263384825393765e-02
-9.552900453924040303e-01 4.927200000000000000e+05 1.515894453599243192e+06 -9.554116816837108228e-01 1.604495519278316060e-02
-9.552900453924040303e-01 5.052990000000000000e+05 1.515894453599243192e+06 -9.549249915381401443e-01 1.620398872827387080e-02
-9.552900453924040303e-01 5.052990000000000000e+05 1.515894453599243192e+06 -9.545447525113378573e-01 1.628375613033458333e-02
-9.552900453924040303e-01 5.052990000000000000e+05 1.515894453599243192e+06 -9.552860217400512832e-01 1.615284304817126565e-02
-9.552900453924040303e-01 4.927200000000000000e+05 1.515894453599243192e+06 -9.548797649764340090e-01 1.609797916494242961e-02
-9.552900453924040303e-01 5.052990000000000000e+05 1.515894453599243192e+06 -9.554009018407687570e-01 1.614177675615702592e-02
-9.552900453924040303e-01 4.927200000000000000e+05 1.515894453599243192e+06 -9.549840221610451652e-01 1.607076816633655827e-02
-9.552900453924040303e-01 4.927200000000000000e+05 1.515894453599243192e+06 -9.556058609335839060e-01 1.605777416105933983e-02
-9.552900453924040303e-01 4.927200000000000000e+05 1.515894453599243192e+06 -9.552054700422063505e-01 1.612178863318539102e-02
-9.552900453924040303e-01 5.052990000000000000e+05 1.515894453599243192e+06 -9.551432053086135188e-01 1.624399022362930239e-02
-9.552900453924040303e-01 5.052990000000000000e+05 1.515894453599243192e+06 -9.554669269070940052e-01 1.619161551987174930e-02
-9.552900453924040303e-01 4.927200000000000000e+05 1.515894453599243192e+06 -9.559664795405165005e-01 1.609810675087200785e-02
-9.552900453924040303e-01 4.927200000000000000e+05 1.515894453599243192e+06 -9.554684400860402604e-01 1.611653694805946849e-02
-9.552900453924040303e-01 5.052990000000000000e+05 1.515894453599243192e+06 -9.548682223777077427e-01 1.619042151511233124e-02
-9.552900453924040303e-01 4.927200000000000000e+05 1.515894453599243192e+06 -9.559757696038267971e-01 1.603425678415436664e-02
-9.552900453924040303e-01 5.052990000000000000e+05 1.515894453599243192e+06 -9.550093574284292952e-01 1.616563024830081421e-02
-9.552900453924040303e-01 4.927200000000000000e+05 1.515894453599243192e+06 -9.554706307825832079e-01 1.612294076762929573e-02
-9.552900453924040303e-01 5.052990000000000000e+05 1.515894453599243192e+06 -9.554565298946523511e-01 1.621797672651605418e-02
-9.552900453924040303e-01 5.052990000000000000e+05 1.515894453599243192e+06 -9.555867525944562457e-01 1.615123088754547714e-02
-9.552900453924040303e-01 4.927200000000000000e+05 1.515894453599243192e+06 -9.553182598619730514e-01 1.605774493901364688e-02
-9.552900453924040303e-01 4.927200000000000000e+05 1.515894453599243192e+06 -9.557097686296457395e-01 1.606751119385296800e-02
-9.552900453924040303e-01 4.927200000000000000e+05 1.515894453599243192e+06 -9.553664722341153048e-01 1.603668407537799101e-02
-9.552900453924040303e-01 4.927200000000000000e+05 1.515894453599243192e+06 -9.554626680451357990e-01 1.610657056912708635e-02
-9.552900453924040303e-01 5.052990000000000000e+05 1.515894453599243192e+06 -9.552864492097359328e-01 1.616118656948620919e-02
-9.552900453924040303e-01 4.927200000000000000e+05 1.515894453599243192e+06 -9.555888261064974243e-01 1.608792855127972807e-02
-9.552900453924040303e-01 4.927200000000000000e+05 1.515894453599243192e+06 -9.556964417908553333e-01 1.601531353503498484e-02
-9.552900453924040303e-01 5.052990000000000000e+05 1.515894453599243192e+06 -9.549796470985099095e-01 1.619726772203797238e-02
-9.552900453924040303e-01 4.927200000000000000e+05 1.515894453599243192e+06 -9.552267340460900424e-01 1.607693867775679755e-02
-9.552900453924040303e-01 5.052990000000000000e+05 1.515894453599243192e+06 -9.550745631778924105e-01 1.616691325103617946e-02
-9.552900453924040303e-01 5.052990000000000000e+05 1.515894453599243192e+06 -9.550340556764088662e-01 1.621900576246327469e-02
-9.552900453924040303e-01 4.927200000000000000e+05 1.515894453599243192e+06 -9.558510301980723822e-01 1.601879389904761752e-02
-9.552900453924040303e-01 5.052990000000000000e+05 1.515894453599243192e+06 -9.554987437126066796e-01 1.618238839302604468e-02
-9.552900453924040303e-01 5.052990000000000000e+05 1.515894453599243192e+06 -9.553030659059986718e-01 1.614179744666551300e-02
-9.552900453924040303e-01 4.927200000000000000e+05 1.515894453599243192e+06 -9.548269240119995338e-01 1.613054177717850382e-02
-9.552900453924040303e-01 4.927200000000000000e+05 1.515894453599243192e+06 -9.556189064766792418e-01 1.602353561000452453e-02
-9.552900453924040303e-01 4.927200000000000000e+05 1.515894453599243192e+06 -9.553043412063594308e-01 1.613526383322307425e-02
-9.552900453924040303e-01 4.927200000000000000e+05 1.515894453599243192e+06 -9.555770092531165050e-01 1.608823034959398768e-02
-9.552900453924040303e-01 4.927200000000000000e+05 1.515894453599243192e+06 -9.550989089121562081e-01 1.611518201428722638e-02
-9.552900453924040303e-01 4.927200000000000000e+05 1.515894453599243192e+06 -9.552065830475622299e-01 1.609110014553424145e-02
-9.552900453924040303e-01 5.052990000000000000e+05 1.515894453599243192e+06 -9.551332963240205531e-01 1.615748721636967727e-02
