# Energy,SamplesEBS,SamplesHoeffding,E_estim,Var_estim
-1.102326193007415966e+00 1.405788000000000000e+06 8.081238794106435962e+06 -1.102148824155771090e+00 4.348270636554404933e-02
-1.102326193007415966e+00 1.405788000000000000e+06 8.081238794106435962e+06 -1.102035684905759982e+00 4.317842255057081219e-02
-1.102326193007415966e+00 1.277988000000000000e+06 8.081238794106435962e+06 -1.102457622144704663e+00 4.268373353790760188e-02
-1.102326193007415966e+00 1.405788000000000000e+06 8.081238794106435962e+06 -1.102021157252938810e+00 4.363066065502717999e-02
-1.102326193007415966e+00 1.277988000000000000e+06 8.081238794106435962e+06 -1.102578585252342425e+00 4.281689908595513738e-02
-1.102326193007415966e+00 1.277988000000000000e+06 8.081238794106435962e+06 -1.102421273916077471e+00 4.247948291140266758e-02
-1.102326193007415966e+00 1.277988000000000000e+06 8.081238794106435962e+06 -1.102705239962715744e+00 4.248145613038468993e-02
-1.102326193007415966e+00 1.277988000000000000e+06 8.081238794106435962e+06 -1.102706587862695597e+00 4.264069914884381640e-02
-1.102326193007415966e+00 1.277988000000000000e+06 8.081238794106435962e+06 -1.102402827263994300e+00 4.268793434569746054e-02
-1.102326193007415966e+00 1.405788000000000000e+06 8.081238794106435962e+06 -1.102285765145456065e+00 4.281934660456899328e-02
-1.102326193007415966e+00 1.405788000000000000e+06 8.081238794106435962e+06 -1.101974786818700647e+00 4.376247654539956733e-02
-1.102326193007415966e+00 1.405788000000000000e+06 8.081238794106435962e+06 -1.101843306823141022e+00 4.339290402602900831e-02
-1.102326193007415966e+00 1.405788000000000000e+06 8.081238794106435962e+06 -1.102217792734254687e+00 4.317813091973112666e-02
-1.102326193007415966e+00 1.277988000000000000e+06 8.081238794106435962e+06 -1.102324439204015682e+00 4.276050071405488456e-02
-1.102326193007415966e+00 1.405788000000000000e+06 8.081238794106435962e+06 -1.102092323033269983e+00 4.340575554997969793e-02
-1.102326193007415966e+00 1.277988000000000000e+06 8.081238794106435962e+06 -1.103114067745147198e+00 4.151283550899623892e-02
-1.102326193007415966e+00 1.277988000000000000e+06 8.081238794106435962e+06 -1.102560845649150245e+00 4.254562111311437772e-02
-1.102326193007415966e+00 1.277988000000000000e+06 8.081238794106435962e+06 -1.102614665872811539e+00 4.274061042672706173e-02
-1.102326193007415966e+00 1.405788000000000000e+06 8.081238794106435962e+06 -1.102257667594476409e+00 4.331467605403406529e-02
-1.102326193007415966e+00 1.405788000000000000e+06 8.081238794106435962e+06 -1.102239645673666946e+00 4.371882274029850746e-02
-1.102326193007415966e+00 1.277988000000000000e+06 8.081238794106435962e+06 -1.102438595205488259e+00 4.248980804572998621e-02
-1.102326193007415966e+00 1.405788000000000000e+06 8.081238794106435962e+06 -1.102053239473020918e+00 4.385005848067687756e-02
-1.102326193007415966e+00 1.277988000000000000e+06 8.081238794106435962e+06 -1.102511924063034998e+00 4.267551347088834740e-02
-1.102326193007415966e+00 1.405788000000000000e+06 8.081238794106435962e+06 -1.102145767791652853e+00 4.338939166179065637e-02
-1.102326193007415966e+00 1.405788000000000000e+06 8.081238794106435962e+06 -1.102015527243291215e+00 4.351954408003517322e-02
-1.102326193007415966e+00 1.405788000000000000e+06 8.081238794106435962e+06 -1.102480378842547903e+00 4.320473204143301937e-02
-1.102326193007415966e+00 1.405788000000000000e+06 8.081238794106435962e+06 -1.102363098712110467e+00 4.299078346296747455e-02
-1.102326193007415966e+00 1.277988000000000000e+06 8.081238794106435962e+06 -1.102701241333621462e+00 4.199943369904274304e-02
-1.102326193007415966e+00 1.405788000000000000e+06 8.081238794106435962e+06 -1.102238570120315675e+00 4.307010196859177575e-02
-1.102326193007415966e+00 1.405788000000000000e+06 8.081238794106435962e+06 -1.102799814347760421e+00 4.266864842387069895e-02
-1.102326193007415966e+00 1.277988000000000000e+06 8.081238794106435962e+06 -1.102595247380619981e+00 4.249151479923031494e-02
-1.102326193007415966e+00 1.277988000000000000e+06 8.081238794106435962e+06 -1.102833807367107788e+00 4.227085667980495787e-02
-1.102326193007415966e+00 1.405788000000000000e+06 8.081238794106435962e+06 -1.102203312457003426e+00 4.333784134738591365e-02
-1.102326193007415966e+00 1.277988000000000000e+06 8.081238794106435962e+06 -1.102619970147973527e+00 4.253380932506222595e-02
-1.102326193007415966e+00 1.405788000000000000e+06 8.081238794106435962e+06 -1.101996601345504034e+00 4.361414535688074717e-02
-1.102326193007415966e+00 1.405788000000000000e+06 8.081238794106435962e+06 -1.102222392005268947e+00 4.288403608652677917e-02
-1.102326193007415966e+00 1.405788000000000000e+06 8.081238794106435962e+06 -1.102260466594034094e+00 4.290204087853043829e-02
-1.102326193007415966e+00 1.277988000000000000e+06 8.081238794106435962e+06 -1.102629980101118345e+00 4.244323286731615380e-02
-1.102326193007415966e+00 1.405788000000000000e+06 8.081238794106435962e+06 -1.102388387020164284e+00 4.292593286903323424e-02
-1.102326193007415966e+00 1.277988000000000000e+06 8.081238794106435962e+06 -1.102300409400918113e+00 4.280243973720058298e-02
-1.102326193007415966e+00 1.405788000000000000e+06 8.081238794106435962e+06 -1.102206505826122340e+00 4.344231336904256363e-02
-1.102326193007415966e+00 1.405788000000000000e+06 8.081238794106435962e+06 -1.102168300634445375e+00 4.297378625852022599e-02
-1.102326193007415966e+00 1.405788000000000000e+06 8.081238794106435962e+06 -1.101697180095643436e+00 4.414351022882014031e-02
-1.102326193007415966e+00 1.405788000000000000e+06 8.081238794106435962e+06 -1.102245308974253879e+00 4.315648563262163007e-02
-1.102326193007415966e+00 1.405788000000000000e+06 8.081238794106435962e+06 -1.101906581370941884e+00 4.388431348115821862e-02
-1.102326193007415966e+00 1.405788000000000000e+06 8.081238794106435962e+06 -1.102743036654391551e+00 4.296161670459270471e-02
-1.102326193007415966e+00 1.405788000000000000e+06 8.081238794106435962e+06 -1.102351339328763391e+00 4.315150611387222335e-02
-1.102326193007415966e+00 1.405788000000000000e+06 8.081238794106435962e+06 -1.101820076151086791e+00 4.398245387913131410e-02
-1.102326193007415966e+00 1.405788000000000000e+06 8.081238794106435962e+06 -1.101806584358582919e+00 4.352162261186106468e-02
-1.102326193007415966e+00 1.405788000000000000e+06 8.081238794106435962e+06 -1.102334134316339309e+00 4.276401797307900071e-02
-1.102326193007415966e+00 1.405788000000000000e+06 8.081238794106435962e+06 -1.101918275452834273e+00 4.352524189360232332e-02
-1.102326193007415966e+00 1.405788000000000000e+06 8.081238794106435962e+06 -1.101728519671730133e+00 4.430136249669126142e-02
-1.102326193007415966e+00 1.405788000000000000e+06 8.081238794106435962e+06 -1.102741561609794196e+00 4.314747261682753271e-02
-1.102326193007415966e+00 1.405788000000000000e+06 8.081238794106435962e+06 -1.102363598076164797e+00 4.273415972271030899e-02
-1.102326193007415966e+00 1.405788000000000000e+06 8.081238794106435962e+06 -1.102704113146723452e+00 4.297770579855290929e-02
-1.102326193007415966e+00 1.405788000000000000e+06 8.081238794106435962e+06 -1.102216105139819158e+00 4.309443889878896566e-02
-1.102326193007415966e+00 1.405788000000000000e+06 8.081238794106435962e+06 -1.102286795884084514e+00 4.341516063556082050e-02
-1.102326193007415966e+00 1.277988000000000000e+06 8.081238794106435962e+06 -1.102647760549762879e+00 4.222012355993316063e-02
-1.102326193007415966e+00 1.405788000000000000e+06 8.081238794106435962e+06 -1.102226780006869911e+00 4.312386324049066744e-02
-1.102326193007415966e+00 1.277988000000000000e+06 8.081238794106435962e+06 -1.103000262451203861e+00 4.227525026709453432e-02
-1.102326193007415966e+00 1.277988000000000000e+06 8.081238794106435962e+06 -1.102725565505680683e+00 4.245006392706696108e-02
-1.102326193007415966e+00 1.405788000000000000e+06 8.081238794106435962e+06 -1.102738043013817837e+00 4.277147127471402771e-02
-1.102326193007415966e+00 1.277988000000000000e+06 8.081238794106435962e+06 -1.102701686408218418e+00 4.272196905820158097e-02
-1.102326193007415966e+00 1.405788000000000000e+06 8.081238794106435962e+06 -1.102434188947626348e+00 4.257749410178433835e-02
-1.102326193007415966e+00 1.405788000000000000e+06 8.081238794106435962e+06 -1.102259166967062720e+00 4.358445216635411373e-02
-1.102326193007415966e+00 1.405788000000000000e+06 8.081238794106435962e+06 -1.102604520747299865e+00 4.318821916235294350e-02
-1.102326193007415966e+00 1.277988000000000000e+06 8.081238794106435962e+06 -1.102809431081883451e+00 4.232549042854830135e-02
-1.102326193007415966e+00 1.277988000000000000e+06 8.081238794106435962e+06 -1.102583358536598057e+00 4.246677268546814044e-02
-1.102326193007415966e+00 1.277988000000000000e+06 8.081238794106435962e+06 -1.102920789873979457e+00 4.195281319272807508e-02
-1.102326193007415966e+00 1.405788000000000000e+06 8.081238794106435962e+06 -1.102433666535994616e+00 4.363604933223006604e-02
-1.102326193007415966e+00 1.277988000000000000e+06 8.081238794106435962e+06 -1.102914596858081353e+00 4.194246694762562150e-02
-1.102326193007415966e+00 1.405788000000000000e+06 8.081238794106435962e+06 -1.102063828551875568e+00 4.385480702794754965e-02
-1.102326193007415966e+00 1.405788000000000000e+06 8.081238794106435962e+06 -1.102514120487801952e+00 4.318718226103164526e-02
-1.102326193007415966e+00 1.405788000000000000e+06 8.081238794106435962e+06 -1.102485053658379455e+00 4.303469724687360859e-02
-1.102326193007415966e+00 1.277988000000000000e+06 8.081238794106435962e+06 -1.102398580745251655e+00 4.270216863818013242e-02
-1.102326193007415966e+00 1.405788000000000000e+06 8.081238794106435962e+06 -1.101731202153015010e+00 4.368095970675642259e-02
-1.102326193007415966e+00 1.277988000000000000e+06 8.081238794106435962e+06 -1.102420265455902104e+00 4.281456327940083573e-02
-1.102326193007415966e+00 1.277988000000000000e+06 8.081238794106435962e+06 -1.103105416959689888e+00 4.172546984255736530e-02
-1.102326193007415966e+00 1.277988000000000000e+06 8.081238794106435962e+06 -1.103045092449593145e+00 4.231814499252370410e-02
-1.102326193007415966e+00 1.405788000000000000e+06 8.081238794106435962e+06 -1.101678418091691869e+00 4.389807885337542598e-02
-1.102326193007415966e+00 1.405788000000000000e+06 8.081238794106435962e+06 -1.102526119309809483e+00 4.296968672127528255e-02
-1.102326193007415966e+00 1.277988000000000000e+06 8.081238794106435962e+06 -1.102648419710884120e+00 4.252813524747003221e-02
-1.102326193007415966e+00 1.277988000000000000e+06 8.081238794106435962e+06 -1.102443813564342623e+00 4.277935751670021436e-02
-1.102326193007415966e+00 1.277988000000000000e+06 8.081238794106435962e+06 -1.102577500735119953e+00 4.263237527481283928e-02
-1.102326193007415966e+00 1.405788000000000000e+06 8.081238794106435962e+06 -1.102238214163367980e+00 4.304367984664714264e-02
-1.102326193007415966e+00 1.405788000000000000e+06 8.081238794106435962e+06 -1.102117179839565919e+00 4.312965041149834783e-02
-1.102326193007415966e+00 1.405788000000000000e+06 8.081238794106435962e+06 -1.101867449154702472e+00 4.384485641113421844e-02
-1.102326193007415966e+00 1.277988000000000000e+06 8.081238794106435962e+06 -1.102571285183794325e+00 4.255437994302379429e-02
-1.102326193007415966e+00 1.405788000000000000e+06 8.081238794106435962e+06 -1.101975971207817651e+00 4.388229866481929003e-02
-1.102326193007415966e+00 1.277988000000000000e+06 8.081238794106435962e+06 -1.102704238544857551e+00 4.243160417363271014e-02
-1.102326193007415966e+00 1.405788000000000000e+06 8.081238794106435962e+06 -1.102469837139244069e+00 4.267294751337868952e-02
-1.102326193007415966e+00 1.405788000000000000e+06 8.081238794106435962e+06 -1.102151473346113741e+00 4.372478694124641574e-02
-1.102326193007415966e+00 1.405788000000000000e+06 8.081238794106435962e+06 -1.102198271440852473e+00 4.358074056581888456e-02
-1.102326193007415966e+00 1.277988000000000000e+06 8.081238794106435962e+06 -1.102345671797753113e+00 4.261622233061351794e-02
-1.102326193007415966e+00 1.277988000000000000e+06 8.081238794106435962e+06 -1.102587436039670576e+00 4.277825100575230466e-02
-1.102326193007415966e+00 1.405788000000000000e+06 8.081238794106435962e+06 -1.102705410212851733e+00 4.290084223699393295e-02
-1.102326193007415966e+00 1.405788000000000000e+06 8.081238794106435962e+06 -1.102274844437635126e+00 4.301591831357624851e-02
-1.102326193007415966e+00 1.277988000000000000e+06 8.081238794106435962e+06 -1.102460927809548519e+00 4.280556040577619681e-02
-1.102326193007415966e+00 1.405788000000000000e+06 8.081238794106435962e+06 -1.102201683761913742e+00 4.364235439215121554e-02
-1.102326193007415966e+00 1.405788000000000000e+06 8.081238794106435962e+06 -1.102232369043057325e+00 4.350751970419210884e-02
