# Energy,SamplesEBS,SamplesHoeffding,E_estim,Var_estim
-1.014823077253900419e+00 7.118040000000000000e+05 2.135411887770208064e+06 -1.014499935094802519e+00 4.616996675390552807e-02
-1.014823077253900419e+00 7.118040000000000000e+05 2.135411887770208064e+06 -1.014551060404588423e+00 4.615297277347155114e-02
-1.014823077253900419e+00 7.118040000000000000e+05 2.135411887770208064e+06 -1.015083723890598533e+00 4.615795908434370404e-02
-1.014823077253900419e+00 7.118040000000000000e+05 2.135411887770208064e+06 -1.014355168838932508e+00 4.624632103567256902e-02
-1.014823077253900419e+00 7.118040000000000000e+05 2.135411887770208064e+06 -1.014982220105842714e+00 4.611713864765667331e-02
-1.014823077253900419e+00 7.118040000000000000e+05 2.135411887770208064e+06 -1.014766984170111686e+00 4.625531717249867225e-02
-1.014823077253900419e+00 7.118040000000000000e+05 2.135411887770208064e+06 -1.014833659828020984e+00 4.606221466052742852e-02
-1.014823077253900419e+00 7.118040000000000000e+05 2.135411887770208064e+06 -1.014459461874650081e+00 4.620669226385510503e-02
-1.014823077253900419e+00 7.118040000000000000e+05 2.135411887770208064e+06 -1.014163465785860918e+00 4.622772374880228241e-02
-1.014823077253900419e+00 7.118040000000000000e+05 2.135411887770208064e+06 -1.014914923209515818e+00 4.597388221792250013e-02
-1.014823077253900419e+00 7.118040000000000000e+05 2.135411887770208064e+06 -1.015342808975828737e+00 4.589487448680416859e-02
-1.014823077253900419e+00 7.118040000000000000e+05 2.135411887770208064e+06 -1.015100999713719254e+00 4.590503472999940549e-02
-1.014823077253900419e+00 7.118040000000000000e+05 2.135411887770208064e+06 -1.014132013588329384e+00 4.627245663691560013e-02
-1.014823077253900419e+00 7.118040000000000000e+05 2.135411887770208064e+06 -1.014596413338818781e+00 4.616167255264298774e-02
-1.014823077253900419e+00 7.118040000000000000e+05 2.135411887770208064e+06 -1.014285162769845483e+00 4.615919024325788877e-02
-1.014823077253900419e+00 7.118040000000000000e+05 2.135411887770208064e+06 -1.013945984288129543e+00 4.643486725757809547e-02
-1.014823077253900419e+00 7.118040000000000000e+05 2.135411887770208064e+06 -1.015137161353717010e+00 4.596575275660239740e-02
-1.014823077253900419e+00 7.118040000000000000e+05 2.135411887770208064e+06 -1.014790108232353383e+00 4.638018957791937430e-02
-1.014823077253900419e+00 7.118040000000000000e+05 2.135411887770208064e+06 -1.015186265320548120e+00 4.595947698820786881e-02
-1.014823077253900419e+00 7.118040000000000000e+05 2.135411887770208064e+06 -1.014390651921356579e+00 4.626083640567825450e-02
-1.014823077253900419e+00 7.118040000000000000e+05 2.135411887770208064e+06 -1.014173829593858045e+00 4.635826482139240173e-02
-1.014823077253900419e+00 7.118040000000000000e+05 2.135411887770208064e+06 -1.015128719423089576e+00 4.604671451866393372e-02
-1.014823077253900419e+00 7.118040000000000000e+05 2.135411887770208064e+06 -1.014553514169939108e+00 4.613000420538865276e-02
-1.014823077253900419e+00 7.118040000000000000e+05 2.135411887770208064e+06 -1.014489100932580490e+00 4.639175747008703748e-02
-1.014823077253900419e+00 7.118040000000000000e+05 2.135411887770208064e+06 -1.015445917696747413e+00 4.607117468782431779e-02
-1.014823077253900419e+00 7.118040000000000000e+05 2.135411887770208064e+06 -1.014855197498502282e+00 4.620130773188173973e-02
-1.014823077253900419e+00 7.118040000000000000e+05 2.135411887770208064e+06 -1.015508221926589849e+00 4.580499029616735135e-02
-1.014823077253900419e+00 7.118040000000000000e+05 2.135411887770208064e+06 -1.014931849217235893e+00 4.618531279799385769e-02
-1.014823077253900419e+00 7.118040000000000000e+05 2.135411887770208064e+06 -1.014734212789227152e+00 4.628057784367145544e-02
-1.014823077253900419e+00 7.118040000000000000e+05 2.135411887770208064e+06 -1.014786531686006077e+00 4.608706041295473899e-02
-1.014823077253900419e+00 7.118040000000000000e+05 2.135411887770208064e+06 -1.015096758939571409e+00 4.608471592571963815e-02
-1.014823077253900419e+00 7.118040000000000000e+05 2.135411887770208064e+06 -1.014950853044126022e+00 4.615165366096991850e-02
-1.014823077253900419e+00 7.118040000000000000e+05 2.135411887770208064e+06 -1.014869002984286173e+00 4.604076016196691212e-02
-1.014823077253900419e+00 7.118040000000000000e+05 2.135411887770208064e+06 -1.014233973397496547e+00 4.621811921399650996e-02
-1.014823077253900419e+00 7.118040000000000000e+05 2.135411887770208064e+06 -1.015534771650939305e+00 4.578085162136764918e-02
-1.014823077253900419e+00 7.118040000000000000e+05 2.135411887770208064e+06 -1.014236838512026839e+00 4.635438787176272141e-02
-1.014823077253900419e+00 7.118040000000000000e+05 2.135411887770208064e+06 -1.014766651213298454e+00 4.603320261243511874e-02
-1.014823077253900419e+00 7.118040000000000000e+05 2.135411887770208064e+06 -1.014786983495777672e+00 4.609576654991989764e-02
-1.014823077253900419e+00 7.118040000000000000e+05 2.135411887770208064e+06 -1.015072104961784127e+00 4.610544004237424748e-02
-1.014823077253900419e+00 7.118040000000000000e+05 2.135411887770208064e+06 -1.015144879208628392e+00 4.628457296711380869e-02
-1.014823077253900419e+00 7.118040000000000000e+05 2.135411887770208064e+06 -1.014614639142553898e+00 4.621723083206798199e-02
-1.014823077253900419e+00 7.118040000000000000e+05 2.135411887770208064e+06 -1.014497504931456628e+00 4.638411878484129808e-02
-1.014823077253900419e+00 7.118040000000000000e+05 2.135411887770208064e+06 -1.014491278217350967e+00 4.613354485870849175e-02
-1.014823077253900419e+00 7.118040000000000000e+05 2.135411887770208064e+06 -1.014356518367717452e+00 4.638113379141863696e-02
-1.014823077253900419e+00 7.118040000000000000e+05 2.135411887770208064e+06 -1.015355354283238754e+00 4.587653876109051149e-02
-1.014823077253900419e+00 7.118040000000000000e+05 2.135411887770208064e+06 -1.015266564391642978e+00 4.590047855533618826e-02
-1.014823077253900419e+00 7.118040000000000000e+05 2.135411887770208064e+06 -1.014894082641035089e+00 4.607402088993441114e-02
-1.014823077253900419e+00 7.118040000000000000e+05 2.135411887770208064e+06 -1.015198969098563442e+00 4.588277488275997046e-02
-1.014823077253900419e+00 7.118040000000000000e+05 2.135411887770208064e+06 -1.014639302392547959e+00 4.616042070923264545e-02
-1.014823077253900419e+00 7.118040000000000000e+05 2.135411887770208064e+06 -1.014465820928549533e+00 4.617654411452690177e-02
-1.014823077253900419e+00 7.118040000000000000e+05 2.135411887770208064e+06 -1.014430864676548305e+00 4.637547490519997040e-02
-1.014823077253900419e+00 7.118040000000000000e+05 2.135411887770208064e+06 -1.014827645531943601e+00 4.624203743319533350e-02
-1.014823077253900419e+00 7.118040000000000000e+05 2.135411887770208064e+06 -1.015307181752584498e+00 4.598667773741173942e-02
-1.014823077253900419e+00 7.118040000000000000e+05 2.135411887770208064e+06 -1.014517151912929682e+00 4.620167141843871395e-02
-1.014823077253900419e+00 7.118040000000000000e+05 2.135411887770208064e+06 -1.015300574034727621e+00 4.609152005715914241e-02
-1.014823077253900419e+00 7.118040000000000000e+05 2.135411887770208064e+06 -1.014405991537320917e+00 4.606901685005652253e-02
-1.014823077253900419e+00 7.118040000000000000e+05 2.135411887770208064e+06 -1.014703367500363385e+00 4.636184405007569287e-02
-1.014823077253900419e+00 7.118040000000000000e+05 2.135411887770208064e+06 -1.014050747678039599e+00 4.636215216931801469e-02
-1.014823077253900419e+00 7.118040000000000000e+05 2.135411887770208064e+06 -1.015197290827571486e+00 4.591863667808297744e-02
-1.014823077253900419e+00 7.118040000000000000e+05 2.135411887770208064e+06 -1.014792018308709354e+00 4.643487189084140321e-02
-1.014823077253900419e+00 7.118040000000000000e+05 2.135411887770208064e+06 -1.015129913010066609e+00 4.620812227227269475e-02
-1.014823077253900419e+00 7.118040000000000000e+05 2.135411887770208064e+06 -1.015218862215190310e+00 4.595098459821259779e-02
-1.014823077253900419e+00 7.118040000000000000e+05 2.135411887770208064e+06 -1.014176221825420443e+00 4.648117260153412228e-02
-1.014823077253900419e+00 7.118040000000000000e+05 2.135411887770208064e+06 -1.014462057252034421e+00 4.625441982836422244e-02
-1.014823077253900419e+00 7.118040000000000000e+05 2.135411887770208064e+06 -1.014323891127659305e+00 4.643589972870708349e-02
-1.014823077253900419e+00 7.118040000000000000e+05 2.135411887770208064e+06 -1.014998985114173857e+00 4.629257605834523337e-02
-1.014823077253900419e+00 7.118040000000000000e+05 2.135411887770208064e+06 -1.015376993948082784e+00 4.595439275406734692e-02
-1.014823077253900419e+00 7.118040000000000000e+05 2.135411887770208064e+06 -1.014449223663019595e+00 4.605478767037481796e-02
-1.014823077253900419e+00 7.118040000000000000e+05 2.135411887770208064e+06 -1.014889281319342640e+00 4.593655698103908669e-02
-1.014823077253900419e+00 7.118040000000000000e+05 2.135411887770208064e+06 -1.015090952846879002e+00 4.613816047060725206e-02
-1.014823077253900419e+00 7.118040000000000000e+05 2.135411887770208064e+06 -1.015757212940956888e+00 4.575831280972801618e-02
-1.014823077253900419e+00 7.118040000000000000e+05 2.135411887770208064e+06 -1.015167076892263598e+00 4.611927389033460695e-02
-1.014823077253900419e+00 7.118040000000000000e+05 2.135411887770208064e+06 -1.015205902186860687e+00 4.615716015162062841e-02
-1.014823077253900419e+00 7.118040000000000000e+05 2.135411887770208064e+06 -1.014458239628094560e+00 4.623346886563033109e-02
-1.014823077253900419e+00 7.118040000000000000e+05 2.135411887770208064e+06 -1.014539694354376520e+00 4.640059002469964361e-02
-1.014823077253900419e+00 7.118040000000000000e+05 2.135411887770208064e+06 -1.014741427415727371e+00 4.624953515842263746e-02
-1.014823077253900419e+00 7.118040000000000000e+05 2.135411887770208064e+06 -1.014832140027616347e+00 4.608148546096450804e-02
-1.014823077253900419e+00 7.118040000000000000e+05 2.135411887770208064e+06 -1.015157840922813026e+00 4.609685073171968656e-02
-1.014823077253900419e+00 7.118040000000000000e+05 2.135411887770208064e+06 -1.014442313333757228e+00 4.643586026894322427e-02
-1.014823077253900419e+00 7.118040000000000000e+05 2.135411887770208064e+06 -1.014054506296990343e+00 4.662753297277726083e-02
-1.014823077253900419e+00 7.118040000000000000e+05 2.135411887770208064e+06 -1.014543758113502170e+00 4.623062452176616988e-02
-1.014823077253900419e+00 7.118040000000000000e+05 2.135411887770208064e+06 -1.014527616872376692e+00 4.632048286410516552e-02
-1.014823077253900419e+00 7.118040000000000000e+05 2.135411887770208064e+06 -1.013950109581051695e+00 4.647728716267973681e-02
-1.014823077253900419e+00 7.118040000000000000e+05 2.135411887770208064e+06 -1.015218654011812216e+00 4.601428283190384799e-02
-1.014823077253900419e+00 7.118040000000000000e+05 2.135411887770208064e+06 -1.014731456412468757e+00 4.636378986821575870e-02
-1.014823077253900419e+00 7.118040000000000000e+05 2.135411887770208064e+06 -1.015253541143669169e+00 4.600653102789168530e-02
-1.014823077253900419e+00 7.118040000000000000e+05 2.135411887770208064e+06 -1.015338050643470602e+00 4.583295982311659522e-02
-1.014823077253900419e+00 7.118040000000000000e+05 2.135411887770208064e+06 -1.015187161353729106e+00 4.580323616436737799e-02
-1.014823077253900419e+00 7.118040000000000000e+05 2.135411887770208064e+06 -1.014969821468020950e+00 4.602696732689114112e-02
-1.014823077253900419e+00 7.118040000000000000e+05 2.135411887770208064e+06 -1.014528307230949444e+00 4.641572794344440978e-02
-1.014823077253900419e+00 7.118040000000000000e+05 2.135411887770208064e+06 -1.015148836758747120e+00 4.582810634428251262e-02
-1.014823077253900419e+00 7.118040000000000000e+05 2.135411887770208064e+06 -1.014920133351627118e+00 4.605564691939067340e-02
-1.014823077253900419e+00 7.118040000000000000e+05 2.135411887770208064e+06 -1.014809549539230416e+00 4.604598183279868390e-02
-1.014823077253900419e+00 7.118040000000000000e+05 2.135411887770208064e+06 -1.014917641654483615e+00 4.604827428085549873e-02
-1.014823077253900419e+00 7.118040000000000000e+05 2.135411887770208064e+06 -1.014912816730763057e+00 4.630913510039053049e-02
-1.014823077253900419e+00 7.118040000000000000e+05 2.135411887770208064e+06 -1.014547334659853917e+00 4.624438380198125920e-02
-1.014823077253900419e+00 7.118040000000000000e+05 2.135411887770208064e+06 -1.014672126035019106e+00 4.606062833336634771e-02
-1.014823077253900419e+00 7.118040000000000000e+05 2.135411887770208064e+06 -1.014037027328068108e+00 4.643093174465904444e-02
-1.014823077253900419e+00 7.118040000000000000e+05 2.135411887770208064e+06 -1.014179001804176528e+00 4.641317817742270091e-02
-1.014823077253900419e+00 7.118040000000000000e+05 2.135411887770208064e+06 -1.015233248478830008e+00 4.612270434097088395e-02
