# Energy,SamplesEBS,SamplesHoeffding,E_estim,Var_estim
-9.436642444850412703e-01 1.726980000000000000e+05 1.484415673335272120e+06 -9.437022687001158650e-01 2.244123375031816577e-03
-9.436642444850412703e-01 1.726980000000000000e+05 1.484415673335272120e+06 -9.437301949065524109e-01 2.260088540870570928e-03
-9.436642444850412703e-01 1.726980000000000000e+05 1.484415673335272120e+06 -9.439696348537491843e-01 2.266695538638487540e-03
-9.436642444850412703e-01 1.899660000000000000e+05 1.484415673335272120e+06 -9.434396386719409167e-01 2.294661071476005159e-03
-9.436642444850412703e-01 1.726980000000000000e+05 1.484415673335272120e+06 -9.439551262896624939e-01 2.255396109480262753e-03
-9.436642444850412703e-01 1.726980000000000000e+05 1.484415673335272120e+06 -9.435859152970653696e-01 2.265381505083338774e-03
-9.436642444850412703e-01 1.899660000000000000e+05 1.484415673335272120e+06 -9.436016108143315817e-01 2.310027836510735767e-03
-9.436642444850412703e-01 1.899660000000000000e+05 1.484415673335272120e+06 -9.435815040583879210e-01 2.285748989712012638e-03
-9.436642444850412703e-01 1.899660000000000000e+05 1.484415673335272120e+06 -9.435187770440836008e-01 2.334574913442485564e-03
-9.436642444850412703e-01 1.899660000000000000e+05 1.484415673335272120e+06 -9.437319857235352272e-01 2.289697771609973224e-03
-9.436642444850412703e-01 1.726980000000000000e+05 1.484415673335272120e+06 -9.438404127434698587e-01 2.274640292952174753e-03
-9.436642444850412703e-01 1.899660000000000000e+05 1.484415673335272120e+06 -9.434225577206239999e-01 2.305702763041502998e-03
-9.436642444850412703e-01 1.726980000000000000e+05 1.484415673335272120e+06 -9.437251016223179301e-01 2.263864437560240191e-03
-9.436642444850412703e-01 1.726980000000000000e+05 1.484415673335272120e+06 -9.439775770418392664e-01 2.254960646511697774e-03
-9.436642444850412703e-01 1.726980000000000000e+05 1.484415673335272120e+06 -9.437577319944124854e-01 2.279883008659600724e-03
-9.436642444850412703e-01 1.726980000000000000e+05 1.484415673335272120e+06 -9.435438626965603204e-01 2.287352393063329589e-03
-9.436642444850412703e-01 1.726980000000000000e+05 1.484415673335272120e+06 -9.435974707290835095e-01 2.263955360926554489e-03
-9.436642444850412703e-01 1.899660000000000000e+05 1.484415673335272120e+06 -9.437640314580316714e-01 2.317370731322152596e-03
-9.436642444850412703e-01 1.726980000000000000e+05 1.484415673335272120e+06 -9.437697807732089439e-01 2.286135803190020906e-03
-9.436642444850412703e-01 1.726980000000000000e+05 1.484415673335272120e+06 -9.438574922695868175e-01 2.287564636212703357e-03
-9.436642444850412703e-01 1.726980000000000000e+05 1.484415673335272120e+06 -9.436507452313949162e-01 2.265042006827585903e-03
-9.436642444850412703e-01 1.726980000000000000e+05 1.484415673335272120e+06 -9.437841364692820534e-01 2.209102922842423686e-03
-9.436642444850412703e-01 1.726980000000000000e+05 1.484415673335272120e+06 -9.434080672617625174e-01 2.279085811405608640e-03
-9.436642444850412703e-01 1.726980000000000000e+05 1.484415673335272120e+06 -9.440915192994272509e-01 2.272038377481485402e-03
-9.436642444850412703e-01 1.726980000000000000e+05 1.484415673335272120e+06 -9.435287009691541993e-01 2.241807136980100180e-03
-9.436642444850412703e-01 1.726980000000000000e+05 1.484415673335272120e+06 -9.435986797760942402e-01 2.236890136361759616e-03
-9.436642444850412703e-01 1.726980000000000000e+05 1.484415673335272120e+06 -9.437386304414174809e-01 2.254960291733273687e-03
-9.436642444850412703e-01 1.726980000000000000e+05 1.484415673335272120e+06 -9.438319772086113391e-01 2.285867992293137002e-03
-9.436642444850412703e-01 1.899660000000000000e+05 1.484415673335272120e+06 -9.433891601652735215e-01 2.316140624430111736e-03
-9.436642444850412703e-01 1.726980000000000000e+05 1.484415673335272120e+06 -9.436556717505244496e-01 2.253916619876194117e-03
-9.436642444850412703e-01 1.726980000000000000e+05 1.484415673335272120e+06 -9.436635514017045478e-01 2.280965889404168619e-03
-9.436642444850412703e-01 1.726980000000000000e+05 1.484415673335272120e+06 -9.433427439806519876e-01 2.281270210790609966e-03
-9.436642444850412703e-01 1.726980000000000000e+05 1.484415673335272120e+06 -9.436498697145994097e-01 2.268222466325428652e-03
-9.436642444850412703e-01 1.726980000000000000e+05 1.484415673335272120e+06 -9.435816419412560441e-01 2.285046913214698085e-03
-9.436642444850412703e-01 1.726980000000000000e+05 1.484415673335272120e+06 -9.433785011984558988e-01 2.287658568107089289e-03
-9.436642444850412703e-01 1.726980000000000000e+05 1.484415673335272120e+06 -9.434981968521425344e-01 2.273291463090999776e-03
-9.436642444850412703e-01 1.899660000000000000e+05 1.484415673335272120e+06 -9.437273048859078362e-01 2.289016198889010350e-03
-9.436642444850412703e-01 1.726980000000000000e+05 1.484415673335272120e+06 -9.435972553241497307e-01 2.241677386716589386e-03
-9.436642444850412703e-01 1.899660000000000000e+05 1.484415673335272120e+06 -9.437508985816221996e-01 2.281943909506683327e-03
-9.436642444850412703e-01 1.899660000000000000e+05 1.484415673335272120e+06 -9.434034995733763251e-01 2.309286409634934284e-03
-9.436642444850412703e-01 1.726980000000000000e+05 1.484415673335272120e+06 -9.437174929644329691e-01 2.254313909573253932e-03
-9.436642444850412703e-01 1.899660000000000000e+05 1.484415673335272120e+06 -9.439517513658094439e-01 2.289185099900086038e-03
-9.436642444850412703e-01 1.899660000000000000e+05 1.484415673335272120e+06 -9.435371024286257624e-01 2.285760099359655882e-03
-9.436642444850412703e-01 1.899660000000000000e+05 1.484415673335272120e+06 -9.433820852150199832e-01 2.362745850467755111e-03
-9.436642444850412703e-01 1.899660000000000000e+05 1.484415673335272120e+06 -9.436528347175603404e-01 2.302222095610754159e-03
-9.436642444850412703e-01 1.726980000000000000e+05 1.484415673335272120e+06 -9.437514922000977968e-01 2.276963229511343861e-03
-9.436642444850412703e-01 1.899660000000000000e+05 1.484415673335272120e+06 -9.434393417767149570e-01 2.280904682992468402e-03
-9.436642444850412703e-01 1.726980000000000000e+05 1.484415673335272120e+06 -9.438008268768121045e-01 2.281976960316851009e-03
-9.436642444850412703e-01 1.726980000000000000e+05 1.484415673335272120e+06 -9.438875725252849902e-01 2.198081996514954055e-03
-9.436642444850412703e-01 1.899660000000000000e+05 1.484415673335272120e+06 -9.433846372506397016e-01 2.307138101026836446e-03
-9.436642444850412703e-01 1.899660000000000000e+05 1.484415673335272120e+06 -9.433963804046816559e-01 2.304528237557670715e-03
-9.436642444850412703e-01 1.726980000000000000e+05 1.484415673335272120e+06 -9.439065629015506165e-01 2.236561382446562024e-03
-9.436642444850412703e-01 1.899660000000000000e+05 1.484415673335272120e+06 -9.435937967844547636e-01 2.320144080532158745e-03
-9.436642444850412703e-01 1.899660000000000000e+05 1.484415673335272120e+06 -9.437988313695931941e-01 2.304588079049917863e-03
-9.436642444850412703e-01 1.726980000000000000e+05 1.484415673335272120e+06 -9.436341034636902547e-01 2.251044315262386297e-03
-9.436642444850412703e-01 1.726980000000000000e+05 1.484415673335272120e+06 -9.438445749225370385e-01 2.258181366120867294e-03
-9.436642444850412703e-01 1.726980000000000000e+05 1.484415673335272120e+06 -9.437283813360417550e-01 2.287761916625961466e-03
-9.436642444850412703e-01 1.899660000000000000e+05 1.484415673335272120e+06 -9.435749344617214707e-01 2.284079165774017834e-03
-9.436642444850412703e-01 1.726980000000000000e+05 1.484415673335272120e+06 -9.437052218321722030e-01 2.278328060632602275e-03
-9.436642444850412703e-01 1.899660000000000000e+05 1.484415673335272120e+06 -9.435416821955249222e-01 2.296548923801118754e-03
-9.436642444850412703e-01 1.726980000000000000e+05 1.484415673335272120e+06 -9.435441406384027507e-01 2.236171130003260666e-03
-9.436642444850412703e-01 1.726980000000000000e+05 1.484415673335272120e+06 -9.437964979326487480e-01 2.286289352453462192e-03
-9.436642444850412703e-01 1.726980000000000000e+05 1.484415673335272120e+06 -9.437985269080850781e-01 2.250755581952263405e-03
-9.436642444850412703e-01 1.899660000000000000e+05 1.484415673335272120e+06 -9.434227598620574806e-01 2.323687728217889697e-03
-9.436642444850412703e-01 1.899660000000000000e+05 1.484415673335272120e+06 -9.433692429169213689e-01 2.342611610326820418e-03
-9.436642444850412703e-01 1.726980000000000000e+05 1.484415673335272120e+06 -9.437593718512806706e-01 2.286003936052933509e-03
-9.436642444850412703e-01 1.726980000000000000e+05 1.484415673335272120e+06 -9.440342007433351057e-01 2.208171868767064457e-03
-9.436642444850412703e-01 1.726980000000000000e+05 1.484415673335272120e+06 -9.438292950698479178e-01 2.276847408612748050e-03
-9.436642444850412703e-01 1.726980000000000000e+05 1.484415673335272120e+06 -9.434527464126458707e-01 2.283632358564987880e-03
-9.436642444850412703e-01 1.726980000000000000e+05 1.484415673335272120e+06 -9.435832817981248954e-01 2.282974967261386552e-03
-9.436642444850412703e-01 1.726980000000000000e+05 1.484415673335272120e+06 -9.437167772641927854e-01 2.268959612551339593e-03
-9.436642444850412703e-01 1.899660000000000000e+05 1.484415673335272120e+06 -9.437416885124525479e-01 2.303200984991767009e-03
-9.436642444850412703e-01 1.726980000000000000e+05 1.484415673335272120e+06 -9.439561129832000352e-01 2.255898085361610246e-03
-9.436642444850412703e-01 1.726980000000000000e+05 1.484415673335272120e+06 -9.436092971544028929e-01 2.255732573337311964e-03
-9.436642444850412703e-01 1.899660000000000000e+05 1.484415673335272120e+06 -9.438641862225768397e-01 2.299700414104558378e-03
-9.436642444850412703e-01 1.726980000000000000e+05 1.484415673335272120e+06 -9.435322030363424428e-01 2.256620647303217517e-03
-9.436642444850412703e-01 1.899660000000000000e+05 1.484415673335272120e+06 -9.433894633774232430e-01 2.301875724166817759e-03
-9.436642444850412703e-01 1.726980000000000000e+05 1.484415673335272120e+06 -9.437095021365116132e-01 2.231808158122675165e-03
-9.436642444850412703e-01 1.726980000000000000e+05 1.484415673335272120e+06 -9.434506132090189068e-01 2.285992440777474995e-03
-9.436642444850412703e-01 1.899660000000000000e+05 1.484415673335272120e+06 -9.435464514700364624e-01 2.339791313902920937e-03
-9.436642444850412703e-01 1.726980000000000000e+05 1.484415673335272120e+06 -9.440304137857626898e-01 2.254659319231190964e-03
-9.436642444850412703e-01 1.726980000000000000e+05 1.484415673335272120e+06 -9.439665149565890090e-01 2.263252094401648710e-03
-9.436642444850412703e-01 1.899660000000000000e+05 1.484415673335272120e+06 -9.436151479736194503e-01 2.324436835016243253e-03
-9.436642444850412703e-01 1.726980000000000000e+05 1.484415673335272120e+06 -9.437786471179270276e-01 2.276877540051011357e-03
-9.436642444850412703e-01 1.899660000000000000e+05 1.484415673335272120e+06 -9.435848899274377199e-01 2.296818371514718678e-03
-9.436642444850412703e-01 1.899660000000000000e+05 1.484415673335272120e+06 -9.434941410565885755e-01 2.309131919052658920e-03
-9.436642444850412703e-01 1.726980000000000000e+05 1.484415673335272120e+06 -9.435265608169883800e-01 2.272322742091737683e-03
-9.436642444850412703e-01 1.726980000000000000e+05 1.484415673335272120e+06 -9.437033109820176513e-01 2.268174163969897527e-03
-9.436642444850412703e-01 1.899660000000000000e+05 1.484415673335272120e+06 -9.438792141749459130e-01 2.330724033127965378e-03
-9.436642444850412703e-01 1.726980000000000000e+05 1.484415673335272120e+06 -9.436159747071320991e-01 2.268417076168855514e-03
-9.436642444850412703e-01 1.899660000000000000e+05 1.484415673335272120e+06 -9.434553678024263368e-01 2.316757825689480348e-03
-9.436642444850412703e-01 1.726980000000000000e+05 1.484415673335272120e+06 -9.442558941040087861e-01 2.254829765224183359e-03
-9.436642444850412703e-01 1.899660000000000000e+05 1.484415673335272120e+06 -9.439935630584214143e-01 2.285140741559700105e-03
-9.436642444850412703e-01 1.726980000000000000e+05 1.484415673335272120e+06 -9.437347392556467707e-01 2.254776048439792110e-03
-9.436642444850412703e-01 1.726980000000000000e+05 1.484415673335272120e+06 -9.437135461903075617e-01 2.269263304728223653e-03
-9.436642444850412703e-01 1.726980000000000000e+05 1.484415673335272120e+06 -9.435934127782223957e-01 2.284748214055856881e-03
-9.436642444850412703e-01 1.726980000000000000e+05 1.484415673335272120e+06 -9.438957162212147090e-01 2.270051019258562119e-03
-9.436642444850412703e-01 1.726980000000000000e+05 1.484415673335272120e+06 -9.433587881734023517e-01 2.288054223035913826e-03
-9.436642444850412703e-01 1.899660000000000000e+05 1.484415673335272120e+06 -9.436983733929142915e-01 2.335125449257909481e-03
-9.436642444850412703e-01 1.899660000000000000e+05 1.484415673335272120e+06 -9.436254066514847549e-01 2.300245488317937109e-03
