# Energy,SamplesEBS,SamplesHoeffding,E_estim,Var_estim
-9.429725037828018408e-01 1.569960000000000000e+05 1.476225809382542968e+06 -9.431039287623065315e-01 1.346951972487546965e-03
-9.429725037828018408e-01 1.569960000000000000e+05 1.476225809382542968e+06 -9.432171864249255799e-01 1.336868472273201620e-03
-9.429725037828018408e-01 1.569960000000000000e+05 1.476225809382542968e+06 -9.427190017577998793e-01 1.381668181090589531e-03
-9.429725037828018408e-01 1.569960000000000000e+05 1.476225809382542968e+06 -9.429472750896062960e-01 1.391499054889595941e-03
-9.429725037828018408e-01 1.569960000000000000e+05 1.476225809382542968e+06 -9.428463807993177070e-01 1.417551805708337472e-03
-9.429725037828018408e-01 1.569960000000000000e+05 1.476225809382542968e+06 -9.428872162346030317e-01 1.397363598013806217e-03
-9.429725037828018408e-01 1.569960000000000000e+05 1.476225809382542968e+06 -9.428993311929551036e-01 1.365556189956082956e-03
-9.429725037828018408e-01 1.569960000000000000e+05 1.476225809382542968e+06 -9.431758159441504530e-01 1.339937185848918532e-03
-9.429725037828018408e-01 1.569960000000000000e+05 1.476225809382542968e+06 -9.427656271495327145e-01 1.381080756914974299e-03
-9.429725037828018408e-01 1.569960000000000000e+05 1.476225809382542968e+06 -9.431708858822323016e-01 1.369606312161620329e-03
-9.429725037828018408e-01 1.569960000000000000e+05 1.476225809382542968e+06 -9.429814606739499450e-01 1.389903875965424170e-03
-9.429725037828018408e-01 1.569960000000000000e+05 1.476225809382542968e+06 -9.430784567757645176e-01 1.348706739641310085e-03
-9.429725037828018408e-01 1.569960000000000000e+05 1.476225809382542968e+06 -9.428835282425519493e-01 1.398231407795466879e-03
-9.429725037828018408e-01 1.569960000000000000e+05 1.476225809382542968e+06 -9.431524650307591129e-01 1.361350718159617815e-03
-9.429725037828018408e-01 1.569960000000000000e+05 1.476225809382542968e+06 -9.431164832222975747e-01 1.385388516588109513e-03
-9.429725037828018408e-01 1.569960000000000000e+05 1.476225809382542968e+06 -9.430522013297629735e-01 1.366055277300375504e-03
-9.429725037828018408e-01 1.569960000000000000e+05 1.476225809382542968e+06 -9.429976457996895878e-01 1.359400298675021539e-03
-9.429725037828018408e-01 1.569960000000000000e+05 1.476225809382542968e+06 -9.428749484061366148e-01 1.396317596785085109e-03
-9.429725037828018408e-01 1.569960000000000000e+05 1.476225809382542968e+06 -9.431500573260951370e-01 1.394393108288179270e-03
-9.429725037828018408e-01 1.569960000000000000e+05 1.476225809382542968e+06 -9.431501910874542371e-01 1.316982691866945424e-03
-9.429725037828018408e-01 1.569960000000000000e+05 1.476225809382542968e+06 -9.431555797597951374e-01 1.355837889983174107e-03
-9.429725037828018408e-01 1.569960000000000000e+05 1.476225809382542968e+06 -9.430967629746570546e-01 1.333616191772532024e-03
-9.429725037828018408e-01 1.569960000000000000e+05 1.476225809382542968e+06 -9.430401054801834659e-01 1.396141345409367823e-03
-9.429725037828018408e-01 1.569960000000000000e+05 1.476225809382542968e+06 -9.430900557974087883e-01 1.386166282032390805e-03
-9.429725037828018408e-01 1.569960000000000000e+05 1.476225809382542968e+06 -9.427584040355718731e-01 1.404551160381130879e-03
-9.429725037828018408e-01 1.569960000000000000e+05 1.476225809382542968e+06 -9.427527669492822282e-01 1.395456738249705505e-03
-9.429725037828018408e-01 1.569960000000000000e+05 1.476225809382542968e+06 -9.430573798056430812e-01 1.405430850163737850e-03
-9.429725037828018408e-01 1.569960000000000000e+05 1.476225809382542968e+06 -9.431617710003085131e-01 1.369920372228006829e-03
-9.429725037828018408e-01 1.569960000000000000e+05 1.476225809382542968e+06 -9.431809370937214165e-01 1.396178167106391530e-03
-9.429725037828018408e-01 1.569960000000000000e+05 1.476225809382542968e+06 -9.428056982341663783e-01 1.365940945534882328e-03
-9.429725037828018408e-01 1.569960000000000000e+05 1.476225809382542968e+06 -9.430466024609984732e-01 1.347549927689464929e-03
-9.429725037828018408e-01 1.569960000000000000e+05 1.476225809382542968e+06 -9.431930711608417228e-01 1.359887641505092915e-03
-9.429725037828018408e-01 1.569960000000000000e+05 1.476225809382542968e+06 -9.428204310935814902e-01 1.368887020601072119e-03
-9.429725037828018408e-01 1.569960000000000000e+05 1.476225809382542968e+06 -9.428602728730038907e-01 1.370316837195991897e-03
-9.429725037828018408e-01 1.569960000000000000e+05 1.476225809382542968e+06 -9.428460177327411262e-01 1.395996225948198345e-03
-9.429725037828018408e-01 1.569960000000000000e+05 1.476225809382542968e+06 -9.427530153632597276e-01 1.378645953529952220e-03
-9.429725037828018408e-01 1.569960000000000000e+05 1.476225809382542968e+06 -9.430168118930920551e-01 1.382913434272169595e-03
-9.429725037828018408e-01 1.569960000000000000e+05 1.476225809382542968e+06 -9.430156844758281753e-01 1.379241628216199347e-03
-9.429725037828018408e-01 1.569960000000000000e+05 1.476225809382542968e+06 -9.430648322248226245e-01 1.369508439686358036e-03
-9.429725037828018408e-01 1.569960000000000000e+05 1.476225809382542968e+06 -9.429009172206176403e-01 1.337917906326524780e-03
-9.429725037828018408e-01 1.569960000000000000e+05 1.476225809382542968e+06 -9.427585951232368977e-01 1.399567361676898715e-03
-9.429725037828018408e-01 1.569960000000000000e+05 1.476225809382542968e+06 -9.430298249634934127e-01 1.387628976499524595e-03
-9.429725037828018408e-01 1.569960000000000000e+05 1.476225809382542968e+06 -9.427807421843295010e-01 1.395493010108232214e-03
-9.429725037828018408e-01 1.569960000000000000e+05 1.476225809382542968e+06 -9.429631735838338580e-01 1.395125052992127928e-03
-9.429725037828018408e-01 1.569960000000000000e+05 1.476225809382542968e+06 -9.428974776425307347e-01 1.422271916589565657e-03
-9.429725037828018408e-01 1.569960000000000000e+05 1.476225809382542968e+06 -9.428145455933221175e-01 1.404801357663605773e-03
-9.429725037828018408e-01 1.569960000000000000e+05 1.476225809382542968e+06 -9.431362990137864832e-01 1.392197472366143995e-03
-9.429725037828018408e-01 1.569960000000000000e+05 1.476225809382542968e+06 -9.427980165097676890e-01 1.404791475685801365e-03
-9.429725037828018408e-01 1.569960000000000000e+05 1.476225809382542968e+06 -9.429136627682661587e-01 1.386844150333833847e-03
-9.429725037828018408e-01 1.569960000000000000e+05 1.476225809382542968e+06 -9.431297447066649964e-01 1.351282887378224161e-03
-9.429725037828018408e-01 1.569960000000000000e+05 1.476225809382542968e+06 -9.426675036304693611e-01 1.408341293242519696e-03
-9.429725037828018408e-01 1.569960000000000000e+05 1.476225809382542968e+06 -9.427010968430298288e-01 1.402696730753104229e-03
-9.429725037828018408e-01 1.569960000000000000e+05 1.476225809382542968e+06 -9.430681571503009009e-01 1.358313164607516518e-03
-9.429725037828018408e-01 1.569960000000000000e+05 1.476225809382542968e+06 -9.429286440416938531e-01 1.371375209007687657e-03
-9.429725037828018408e-01 1.569960000000000000e+05 1.476225809382542968e+06 -9.429614729035623588e-01 1.377407029135098177e-03
-9.429725037828018408e-01 1.569960000000000000e+05 1.476225809382542968e+06 -9.428740311853044398e-01 1.385474340417350162e-03
-9.429725037828018408e-01 1.569960000000000000e+05 1.476225809382542968e+06 -9.433127684779650801e-01 1.343389325411359922e-03
-9.429725037828018408e-01 1.569960000000000000e+05 1.476225809382542968e+06 -9.426678093707425710e-01 1.443550431898234015e-03
-9.429725037828018408e-01 1.569960000000000000e+05 1.476225809382542968e+06 -9.431654398836103459e-01 1.371576040484098714e-03
-9.429725037828018408e-01 1.569960000000000000e+05 1.476225809382542968e+06 -9.430901131237050539e-01 1.350617942797387172e-03
-9.429725037828018408e-01 1.569960000000000000e+05 1.476225809382542968e+06 -9.429205037068922879e-01 1.357870764929418371e-03
-9.429725037828018408e-01 1.569960000000000000e+05 1.476225809382542968e+06 -9.427859970952667812e-01 1.401837225710804175e-03
-9.429725037828018408e-01 1.569960000000000000e+05 1.476225809382542968e+06 -9.431143812579119157e-01 1.373749285445811583e-03
-9.429725037828018408e-01 1.569960000000000000e+05 1.476225809382542968e+06 -9.428328135746613103e-01 1.394771507758881543e-03
-9.429725037828018408e-01 1.569960000000000000e+05 1.476225809382542968e+06 -9.431600512112888746e-01 1.349801646501350800e-03
-9.429725037828018408e-01 1.569960000000000000e+05 1.476225809382542968e+06 -9.428403424289010237e-01 1.427603442492279742e-03
-9.429725037828018408e-01 1.569960000000000000e+05 1.476225809382542968e+06 -9.429938622638038836e-01 1.405693736954373788e-03
-9.429725037828018408e-01 1.569960000000000000e+05 1.476225809382542968e+06 -9.429297523501520839e-01 1.395115680487493334e-03
-9.429725037828018408e-01 1.569960000000000000e+05 1.476225809382542968e+06 -9.431675418479843476e-01 1.396394816582600604e-03
-9.429725037828018408e-01 1.569960000000000000e+05 1.476225809382542968e+06 -9.429283956277045853e-01 1.408818211081319357e-03
-9.429725037828018408e-01 1.569960000000000000e+05 1.476225809382542968e+06 -9.429163571044480996e-01 1.400139764161178243e-03
-9.429725037828018408e-01 1.569960000000000000e+05 1.476225809382542968e+06 -9.429503324923432794e-01 1.396202278271288857e-03
-9.429725037828018408e-01 1.569960000000000000e+05 1.476225809382542968e+06 -9.429885118090115537e-01 1.357309816615371581e-03
-9.429725037828018408e-01 1.569960000000000000e+05 1.476225809382542968e+06 -9.430620614535952795e-01 1.388672843186837926e-03
-9.429725037828018408e-01 1.569960000000000000e+05 1.476225809382542968e+06 -9.431015783839555855e-01 1.340432106201408253e-03
-9.429725037828018408e-01 1.569960000000000000e+05 1.476225809382542968e+06 -9.431213177403841019e-01 1.391967413157205744e-03
-9.429725037828018408e-01 1.569960000000000000e+05 1.476225809382542968e+06 -9.426389169148829961e-01 1.401253708543898774e-03
-9.429725037828018408e-01 1.569960000000000000e+05 1.476225809382542968e+06 -9.429949132459849448e-01 1.362622223269308389e-03
-9.429725037828018408e-01 1.569960000000000000e+05 1.476225809382542968e+06 -9.427498050903749816e-01 1.427630572089420152e-03
-9.429725037828018408e-01 1.569960000000000000e+05 1.476225809382542968e+06 -9.428043032941486601e-01 1.366812993271637701e-03
-9.429725037828018408e-01 1.569960000000000000e+05 1.476225809382542968e+06 -9.430011044865329595e-01 1.385309053069129969e-03
-9.429725037828018408e-01 1.569960000000000000e+05 1.476225809382542968e+06 -9.430347168078644371e-01 1.366225492471065872e-03
-9.429725037828018408e-01 1.569960000000000000e+05 1.476225809382542968e+06 -9.428945922187085271e-01 1.393902915472610728e-03
-9.429725037828018408e-01 1.569960000000000000e+05 1.476225809382542968e+06 -9.430757051133042967e-01 1.380475920419646247e-03
-9.429725037828018408e-01 1.569960000000000000e+05 1.476225809382542968e+06 -9.429449247112549060e-01 1.392543566566723217e-03
-9.429725037828018408e-01 1.569960000000000000e+05 1.476225809382542968e+06 -9.431217572420140804e-01 1.366046081810095691e-03
-9.429725037828018408e-01 1.569960000000000000e+05 1.476225809382542968e+06 -9.427724489793977147e-01 1.383294406698483891e-03
-9.429725037828018408e-01 1.569960000000000000e+05 1.476225809382542968e+06 -9.430334938467649364e-01 1.394099776652170516e-03
-9.429725037828018408e-01 1.569960000000000000e+05 1.476225809382542968e+06 -9.429212489488151272e-01 1.364294899221663330e-03
-9.429725037828018408e-01 1.569960000000000000e+05 1.476225809382542968e+06 -9.429793778183446218e-01 1.361408806721472542e-03
-9.429725037828018408e-01 1.569960000000000000e+05 1.476225809382542968e+06 -9.429083505310242863e-01 1.421438752380377963e-03
-9.429725037828018408e-01 1.569960000000000000e+05 1.476225809382542968e+06 -9.432332568980584808e-01 1.357859089252901616e-03
-9.429725037828018408e-01 1.569960000000000000e+05 1.476225809382542968e+06 -9.431610066496474154e-01 1.363846169768772980e-03
-9.429725037828018408e-01 1.569960000000000000e+05 1.476225809382542968e+06 -9.429121340669244233e-01 1.365867139838085765e-03
-9.429725037828018408e-01 1.569960000000000000e+05 1.476225809382542968e+06 -9.427777038903520923e-01 1.360291477420656628e-03
-9.429725037828018408e-01 1.569960000000000000e+05 1.476225809382542968e+06 -9.430556791253786875e-01 1.379573038584456634e-03
-9.429725037828018408e-01 1.569960000000000000e+05 1.476225809382542968e+06 -9.427142245660355968e-01 1.449800613235596855e-03
-9.429725037828018408e-01 1.569960000000000000e+05 1.476225809382542968e+06 -9.430457425664798832e-01 1.379786234190900863e-03
-9.429725037828018408e-01 1.569960000000000000e+05 1.476225809382542968e+06 -9.427949591070410307e-01 1.382893879157919698e-03
-9.429725037828018408e-01 1.569960000000000000e+05 1.476225809382542968e+06 -9.433180233889163491e-01 1.339411884358014324e-03
