# Energy,SamplesEBS,SamplesHoeffding,E_estim,Var_estim
-9.801467267992978183e-01 5.695020000000000000e+05 1.708502064395123161e+06 -9.805127701039608734e-01 3.379164405357636125e-02
-9.801467267992978183e-01 5.695020000000000000e+05 1.708502064395123161e+06 -9.799740583873889355e-01 3.396916508872475926e-02
-9.801467267992978183e-01 5.695020000000000000e+05 1.708502064395123161e+06 -9.802754985930522968e-01 3.397729029104038651e-02
-9.801467267992978183e-01 5.695020000000000000e+05 1.708502064395123161e+06 -9.799466460166254000e-01 3.392123054732044951e-02
-9.801467267992978183e-01 5.695020000000000000e+05 1.708502064395123161e+06 -9.806408567480842109e-01 3.378639189095236639e-02
-9.801467267992978183e-01 5.695020000000000000e+05 1.708502064395123161e+06 -9.804872604481403853e-01 3.383996721671497093e-02
-9.801467267992978183e-01 5.695020000000000000e+05 1.708502064395123161e+06 -9.807021418708725680e-01 3.371672246421391489e-02
-9.801467267992978183e-01 5.695020000000000000e+05 1.708502064395123161e+06 -9.804999009656563125e-01 3.386158451532783609e-02
-9.801467267992978183e-01 5.695020000000000000e+05 1.708502064395123161e+06 -9.797563228921993828e-01 3.390491562360419681e-02
-9.801467267992978183e-01 5.695020000000000000e+05 1.708502064395123161e+06 -9.800041109596407951e-01 3.389947515886011092e-02
-9.801467267992978183e-01 5.695020000000000000e+05 1.708502064395123161e+06 -9.804667804498541361e-01 3.388288816491789174e-02
-9.801467267992978183e-01 5.695020000000000000e+05 1.708502064395123161e+06 -9.802200322382349507e-01 3.393917386998796665e-02
-9.801467267992978183e-01 5.695020000000000000e+05 1.708502064395123161e+06 -9.800357343780068398e-01 3.399478521559593652e-02
-9.801467267992978183e-01 5.695020000000000000e+05 1.708502064395123161e+06 -9.802778216753150753e-01 3.386062461387020356e-02
-9.801467267992978183e-01 5.695020000000000000e+05 1.708502064395123161e+06 -9.802475478571504031e-01 3.386470695054882157e-02
-9.801467267992978183e-01 5.695020000000000000e+05 1.708502064395123161e+06 -9.791718870166359334e-01 3.414717258920486886e-02
-9.801467267992978183e-01 5.695020000000000000e+05 1.708502064395123161e+06 -9.800663695645241980e-01 3.389849059013155808e-02
-9.801467267992978183e-01 5.695020000000000000e+05 1.708502064395123161e+06 -9.803455966787668618e-01 3.384785367383022492e-02
-9.801467267992978183e-01 5.695020000000000000e+05 1.708502064395123161e+06 -9.797841630051317141e-01 3.411822036246432710e-02
-9.801467267992978183e-01 5.695020000000000000e+05 1.708502064395123161e+06 -9.801711663870434910e-01 3.392496415194547893e-02
-9.801467267992978183e-01 5.695020000000000000e+05 1.708502064395123161e+06 -9.804321628365545438e-01 3.379458716296205451e-02
-9.801467267992978183e-01 5.695020000000000000e+05 1.708502064395123161e+06 -9.801689244282435487e-01 3.384786028666766228e-02
-9.801467267992978183e-01 5.695020000000000000e+05 1.708502064395123161e+06 -9.799072937403958683e-01 3.398529688474098004e-02
-9.801467267992978183e-01 5.695020000000000000e+05 1.708502064395123161e+06 -9.800622912645361451e-01 3.400354321411865749e-02
-9.801467267992978183e-01 5.695020000000000000e+05 1.708502064395123161e+06 -9.803207065115555618e-01 3.390781716638670978e-02
-9.801467267992978183e-01 5.695020000000000000e+05 1.708502064395123161e+06 -9.806943023900521750e-01 3.365972072683599825e-02
-9.801467267992978183e-01 5.695020000000000000e+05 1.708502064395123161e+06 -9.798329182333940235e-01 3.410784909564656964e-02
-9.801467267992978183e-01 5.695020000000000000e+05 1.708502064395123161e+06 -9.792846855669596895e-01 3.405225535569606637e-02
-9.801467267992978183e-01 5.695020000000000000e+05 1.708502064395123161e+06 -9.802520833987363735e-01 3.384246786007132080e-02
-9.801467267992978183e-01 5.695020000000000000e+05 1.708502064395123161e+06 -9.803473002724084617e-01 3.381885879747621032e-02
-9.801467267992978183e-01 5.695020000000000000e+05 1.708502064395123161e+06 -9.798913787831303734e-01 3.386995652215668562e-02
-9.801467267992978183e-01 5.695020000000000000e+05 1.708502064395123161e+06 -9.804506589963607466e-01 3.398056568638012365e-02
-9.801467267992978183e-01 5.695020000000000000e+05 1.708502064395123161e+06 -9.793729258189617370e-01 3.412725985202514495e-02
-9.801467267992978183e-01 5.695020000000000000e+05 1.708502064395123161e+06 -9.806230685752518328e-01 3.373813781217222668e-02
-9.801467267992978183e-01 5.695020000000000000e+05 1.708502064395123161e+06 -9.797017931451224015e-01 3.403920913671293347e-02
-9.801467267992978183e-01 5.695020000000000000e+05 1.708502064395123161e+06 -9.799970237150132935e-01 3.396995066083544068e-02
-9.801467267992978183e-01 5.695020000000000000e+05 1.708502064395123161e+06 -9.791776320359804053e-01 3.409951296403247734e-02
-9.801467267992978183e-01 5.695020000000000000e+05 1.708502064395123161e+06 -9.791949629671968802e-01 3.407929564039738346e-02
-9.801467267992978183e-01 5.695020000000000000e+05 1.708502064395123161e+06 -9.802405048616785743e-01 3.392419127585841188e-02
-9.801467267992978183e-01 5.695020000000000000e+05 1.708502064395123161e+06 -9.798766880533336110e-01 3.392473148280526068e-02
-9.801467267992978183e-01 5.695020000000000000e+05 1.708502064395123161e+06 -9.802124730022747645e-01 3.405179841158451071e-02
-9.801467267992978183e-01 5.695020000000000000e+05 1.708502064395123161e+06 -9.803417322498134689e-01 3.398963818329134301e-02
-9.801467267992978183e-01 5.695020000000000000e+05 1.708502064395123161e+06 -9.795931908926504006e-01 3.412129550519989174e-02
-9.801467267992978183e-01 5.695020000000000000e+05 1.708502064395123161e+06 -9.796307215773640831e-01 3.397248806620474515e-02
-9.801467267992978183e-01 5.695020000000000000e+05 1.708502064395123161e+06 -9.807549827739566739e-01 3.382882704551819913e-02
-9.801467267992978183e-01 5.695020000000000000e+05 1.708502064395123161e+06 -9.801009650532195305e-01 3.402911533612791584e-02
-9.801467267992978183e-01 5.695020000000000000e+05 1.708502064395123161e+06 -9.811762719002610211e-01 3.379889942633353822e-02
-9.801467267992978183e-01 5.695020000000000000e+05 1.708502064395123161e+06 -9.808511067559628760e-01 3.377016712611909111e-02
-9.801467267992978183e-01 5.695020000000000000e+05 1.708502064395123161e+06 -9.804805419467196304e-01 3.386400886919445352e-02
-9.801467267992978183e-01 5.695020000000000000e+05 1.708502064395123161e+06 -9.800916211000999523e-01 3.381546920615814689e-02
-9.801467267992978183e-01 5.695020000000000000e+05 1.708502064395123161e+06 -9.806419261034189372e-01 3.383473452155430494e-02
-9.801467267992978183e-01 5.695020000000000000e+05 1.708502064395123161e+06 -9.799880706297013910e-01 3.377755455998100037e-02
-9.801467267992978183e-01 5.695020000000000000e+05 1.708502064395123161e+06 -9.799391236549583883e-01 3.393040890260749093e-02
-9.801467267992978183e-01 5.695020000000000000e+05 1.708502064395123161e+06 -9.800368922316939901e-01 3.397037964605217897e-02
-9.801467267992978183e-01 5.695020000000000000e+05 1.708502064395123161e+06 -9.800340897832713338e-01 3.404617013517850094e-02
-9.801467267992978183e-01 5.695020000000000000e+05 1.708502064395123161e+06 -9.799489027250816164e-01 3.413017298297137125e-02
-9.801467267992978183e-01 5.695020000000000000e+05 1.708502064395123161e+06 -9.797509613658097472e-01 3.397102891093516097e-02
-9.801467267992978183e-01 5.695020000000000000e+05 1.708502064395123161e+06 -9.800375928438330719e-01 3.398980409624452470e-02
-9.801467267992978183e-01 5.695020000000000000e+05 1.708502064395123161e+06 -9.801997808607177953e-01 3.381673144369480577e-02
-9.801467267992978183e-01 5.695020000000000000e+05 1.708502064395123161e+06 -9.803777142130324362e-01 3.382814637622337528e-02
-9.801467267992978183e-01 5.695020000000000000e+05 1.708502064395123161e+06 -9.806484381086427726e-01 3.379710404556576786e-02
-9.801467267992978183e-01 5.695020000000000000e+05 1.708502064395123161e+06 -9.795555790844386879e-01 3.398071584316873089e-02
-9.801467267992978183e-01 5.695020000000000000e+05 1.708502064395123161e+06 -9.808797212296708201e-01 3.384424882225361281e-02
-9.801467267992978183e-01 5.695020000000000000e+05 1.708502064395123161e+06 -9.804234088725686247e-01 3.383154366256450191e-02
-9.801467267992978183e-01 5.695020000000000000e+05 1.708502064395123161e+06 -9.804732555807489369e-01 3.379237727475509906e-02
-9.801467267992978183e-01 5.695020000000000000e+05 1.708502064395123161e+06 -9.799721114232282648e-01 3.392062886680569100e-02
-9.801467267992978183e-01 5.695020000000000000e+05 1.708502064395123161e+06 -9.801842567712512055e-01 3.389089453377402972e-02
-9.801467267992978183e-01 5.695020000000000000e+05 1.708502064395123161e+06 -9.809855431582977792e-01 3.381254220122207471e-02
-9.801467267992978183e-01 5.695020000000000000e+05 1.708502064395123161e+06 -9.796369459628735399e-01 3.398275584369336855e-02
-9.801467267992978183e-01 5.695020000000000000e+05 1.708502064395123161e+06 -9.809905654409327713e-01 3.370667210918399520e-02
-9.801467267992978183e-01 5.695020000000000000e+05 1.708502064395123161e+06 -9.807136245346653736e-01 3.389250901277172934e-02
-9.801467267992978183e-01 5.695020000000000000e+05 1.708502064395123161e+06 -9.803282141234683777e-01 3.389825636988885033e-02
-9.801467267992978183e-01 5.695020000000000000e+05 1.708502064395123161e+06 -9.795732640091650012e-01 3.408880930261944109e-02
-9.801467267992978183e-01 5.695020000000000000e+05 1.708502064395123161e+06 -9.798692910643626020e-01 3.399543569326259063e-02
-9.801467267992978183e-01 5.695020000000000000e+05 1.708502064395123161e+06 -9.796815638922047320e-01 3.409174945714064930e-02
-9.801467267992978183e-01 5.695020000000000000e+05 1.708502064395123161e+06 -9.811094335045986714e-01 3.368338363849539274e-02
-9.801467267992978183e-01 5.695020000000000000e+05 1.708502064395123161e+06 -9.806116375354971826e-01 3.384309204643262681e-02
-9.801467267992978183e-01 5.695020000000000000e+05 1.708502064395123161e+06 -9.806263651396109893e-01 3.386119077801291732e-02
-9.801467267992978183e-01 5.695020000000000000e+05 1.708502064395123161e+06 -9.804422885252933595e-01 3.383308864736993271e-02
-9.801467267992978183e-01 5.695020000000000000e+05 1.708502064395123161e+06 -9.801334660804363885e-01 3.392342054990488132e-02
-9.801467267992978183e-01 5.695020000000000000e+05 1.708502064395123161e+06 -9.803878989007047684e-01 3.371621073618021047e-02
-9.801467267992978183e-01 5.695020000000000000e+05 1.708502064395123161e+06 -9.797042416000926179e-01 3.414010849728301572e-02
-9.801467267992978183e-01 5.695020000000000000e+05 1.708502064395123161e+06 -9.807969973762197258e-01 3.370090532693719582e-02
-9.801467267992978183e-01 5.695020000000000000e+05 1.708502064395123161e+06 -9.794663874749378607e-01 3.403583867264974028e-02
-9.801467267992978183e-01 5.695020000000000000e+05 1.708502064395123161e+06 -9.796118861737913575e-01 3.420495613965900822e-02
-9.801467267992978183e-01 5.695020000000000000e+05 1.708502064395123161e+06 -9.798978096648357505e-01 3.383680675577608460e-02
-9.801467267992978183e-01 5.695020000000000000e+05 1.708502064395123161e+06 -9.803103595768785095e-01 3.394505633881778062e-02
-9.801467267992978183e-01 5.695020000000000000e+05 1.708502064395123161e+06 -9.799411296180592368e-01 3.392285424477433503e-02
-9.801467267992978183e-01 5.695020000000000000e+05 1.708502064395123161e+06 -9.801058693380271247e-01 3.405403411525035479e-02
-9.801467267992978183e-01 5.695020000000000000e+05 1.708502064395123161e+06 -9.807545402821201685e-01 3.385983080945687701e-02
-9.801467267992978183e-01 5.695020000000000000e+05 1.708502064395123161e+06 -9.800451742043935210e-01 3.399465951211880221e-02
-9.801467267992978183e-01 5.695020000000000000e+05 1.708502064395123161e+06 -9.808162310224148861e-01 3.380880321919234321e-02
-9.801467267992978183e-01 5.695020000000000000e+05 1.708502064395123161e+06 -9.809077309645078957e-01 3.372554005907335561e-02
-9.801467267992978183e-01 5.695020000000000000e+05 1.708502064395123161e+06 -9.794325073480927291e-01 3.415201612405219939e-02
-9.801467267992978183e-01 5.695020000000000000e+05 1.708502064395123161e+06 -9.805949187179846538e-01 3.377636143146137138e-02
-9.801467267992978183e-01 5.695020000000000000e+05 1.708502064395123161e+06 -9.798630961783106885e-01 3.391783066066732938e-02
-9.801467267992978183e-01 5.695020000000000000e+05 1.708502064395123161e+06 -9.803384946843792802e-01 3.387701043167585385e-02
-9.801467267992978183e-01 5.695020000000000000e+05 1.708502064395123161e+06 -9.812521666293392286e-01 3.361446731260547133e-02
-9.801467267992978183e-01 5.695020000000000000e+05 1.708502064395123161e+06 -9.794232666430374712e-01 3.403648492662413733e-02
-9.801467267992978183e-01 5.695020000000000000e+05 1.708502064395123161e+06 -9.802248185251976054e-01 3.392733293405222200e-02
