# Energy,SamplesEBS,SamplesHoeffding,E_estim,Var_estim
-9.445662666356180459e-01 2.089620000000000000e+05 1.492254404699718580e+06 -9.446409768283183794e-01 3.650019237993157740e-03
-9.445662666356180459e-01 2.298600000000000000e+05 1.492254404699718580e+06 -9.445933907594979972e-01 3.714544196779883366e-03
-9.445662666356180459e-01 2.298600000000000000e+05 1.492254404699718580e+06 -9.441578230226235213e-01 3.736163075749876234e-03
-9.445662666356180459e-01 2.298600000000000000e+05 1.492254404699718580e+06 -9.443805586008042763e-01 3.719701803992339455e-03
-9.445662666356180459e-01 2.089620000000000000e+05 1.492254404699718580e+06 -9.447853648031614426e-01 3.671826777035880948e-03
-9.445662666356180459e-01 2.298600000000000000e+05 1.492254404699718580e+06 -9.448171078046567750e-01 3.729516667342155489e-03
-9.445662666356180459e-01 2.298600000000000000e+05 1.492254404699718580e+06 -9.445155990601877827e-01 3.696597709654317766e-03
-9.445662666356180459e-01 2.298600000000000000e+05 1.492254404699718580e+06 -9.445298094491323404e-01 3.706847438823492394e-03
-9.445662666356180459e-01 2.298600000000000000e+05 1.492254404699718580e+06 -9.446926546592512297e-01 3.725552926898582223e-03
-9.445662666356180459e-01 2.298600000000000000e+05 1.492254404699718580e+06 -9.446312607673257311e-01 3.739066039026964477e-03
-9.445662666356180459e-01 2.089620000000000000e+05 1.492254404699718580e+06 -9.450689034369842423e-01 3.645430278736678555e-03
-9.445662666356180459e-01 2.298600000000000000e+05 1.492254404699718580e+06 -9.444551657529723920e-01 3.768265067220912673e-03
-9.445662666356180459e-01 2.298600000000000000e+05 1.492254404699718580e+06 -9.446356095013412890e-01 3.716701919928866796e-03
-9.445662666356180459e-01 2.298600000000000000e+05 1.492254404699718580e+06 -9.444988201512944936e-01 3.736646758288946109e-03
-9.445662666356180459e-01 2.298600000000000000e+05 1.492254404699718580e+06 -9.446647350560305467e-01 3.708062878321580647e-03
-9.445662666356180459e-01 2.089620000000000000e+05 1.492254404699718580e+06 -9.446081861773770738e-01 3.653657577308130813e-03
-9.445662666356180459e-01 2.298600000000000000e+05 1.492254404699718580e+06 -9.446227199163750310e-01 3.706728323903601269e-03
-9.445662666356180459e-01 2.298600000000000000e+05 1.492254404699718580e+06 -9.449583868440623036e-01 3.709770759741239793e-03
-9.445662666356180459e-01 2.298600000000000000e+05 1.492254404699718580e+06 -9.446602244843692597e-01 3.696900120076447409e-03
-9.445662666356180459e-01 2.298600000000000000e+05 1.492254404699718580e+06 -9.445832315321344153e-01 3.677279103301699104e-03
-9.445662666356180459e-01 2.298600000000000000e+05 1.492254404699718580e+06 -9.445179222134173491e-01 3.695217157483393720e-03
-9.445662666356180459e-01 2.298600000000000000e+05 1.492254404699718580e+06 -9.444626363872719033e-01 3.780725283225439166e-03
-9.445662666356180459e-01 2.298600000000000000e+05 1.492254404699718580e+06 -9.441531297310331583e-01 3.739556676535701809e-03
-9.445662666356180459e-01 2.298600000000000000e+05 1.492254404699718580e+06 -9.440883737926401009e-01 3.815915438773315009e-03
-9.445662666356180459e-01 2.089620000000000000e+05 1.492254404699718580e+06 -9.446544031929104968e-01 3.637928742545777378e-03
-9.445662666356180459e-01 2.298600000000000000e+05 1.492254404699718580e+06 -9.444406369093235609e-01 3.763417498961304369e-03
-9.445662666356180459e-01 2.298600000000000000e+05 1.492254404699718580e+06 -9.442650117461679482e-01 3.718319894066572390e-03
-9.445662666356180459e-01 2.298600000000000000e+05 1.492254404699718580e+06 -9.441375776558599275e-01 3.744662354330104918e-03
-9.445662666356180459e-01 2.298600000000000000e+05 1.492254404699718580e+06 -9.446860297571456622e-01 3.743974144353881886e-03
-9.445662666356180459e-01 2.298600000000000000e+05 1.492254404699718580e+06 -9.443316679717044249e-01 3.734540831397379496e-03
-9.445662666356180459e-01 2.298600000000000000e+05 1.492254404699718580e+06 -9.444588097101489499e-01 3.774282181749220606e-03
-9.445662666356180459e-01 2.298600000000000000e+05 1.492254404699718580e+06 -9.446431480030336170e-01 3.720784837608169006e-03
-9.445662666356180459e-01 2.298600000000000000e+05 1.492254404699718580e+06 -9.446650065256113615e-01 3.677931868798777447e-03
-9.445662666356180459e-01 2.089620000000000000e+05 1.492254404699718580e+06 -9.445750452235268657e-01 3.647579129163263170e-03
-9.445662666356180459e-01 2.298600000000000000e+05 1.492254404699718580e+06 -9.444045627772396090e-01 3.710881207596710731e-03
-9.445662666356180459e-01 2.089620000000000000e+05 1.492254404699718580e+06 -9.449906767737610291e-01 3.668292763348257948e-03
-9.445662666356180459e-01 2.298600000000000000e+05 1.492254404699718580e+06 -9.445396711040521254e-01 3.721429292156110558e-03
-9.445662666356180459e-01 2.298600000000000000e+05 1.492254404699718580e+06 -9.442857426258517428e-01 3.808648176891417294e-03
-9.445662666356180459e-01 2.298600000000000000e+05 1.492254404699718580e+06 -9.444356251630378063e-01 3.751648318009309212e-03
-9.445662666356180459e-01 2.089620000000000000e+05 1.492254404699718580e+06 -9.447020501335049447e-01 3.663238839780642679e-03
-9.445662666356180459e-01 2.298600000000000000e+05 1.492254404699718580e+06 -9.448452049072303405e-01 3.666701285428968296e-03
-9.445662666356180459e-01 2.298600000000000000e+05 1.492254404699718580e+06 -9.445967371442489657e-01 3.730181185662623244e-03
-9.445662666356180459e-01 2.298600000000000000e+05 1.492254404699718580e+06 -9.445494857738520045e-01 3.717371827480661379e-03
-9.445662666356180459e-01 2.298600000000000000e+05 1.492254404699718580e+06 -9.448002297049380438e-01 3.678324079875204718e-03
-9.445662666356180459e-01 2.298600000000000000e+05 1.492254404699718580e+06 -9.446878256329096502e-01 3.686634471394195645e-03
-9.445662666356180459e-01 2.298600000000000000e+05 1.492254404699718580e+06 -9.447505664316454554e-01 3.743378037372175129e-03
-9.445662666356180459e-01 2.298600000000000000e+05 1.492254404699718580e+06 -9.443741842859716407e-01 3.745234631834396498e-03
-9.445662666356180459e-01 2.298600000000000000e+05 1.492254404699718580e+06 -9.446291203340032583e-01 3.695653548424110511e-03
-9.445662666356180459e-01 2.298600000000000000e+05 1.492254404699718580e+06 -9.444851527015486470e-01 3.724449334887067198e-03
-9.445662666356180459e-01 2.298600000000000000e+05 1.492254404699718580e+06 -9.445660401982742815e-01 3.716363079609417454e-03
-9.445662666356180459e-01 2.298600000000000000e+05 1.492254404699718580e+06 -9.446922944400014677e-01 3.752756841131288639e-03
-9.445662666356180459e-01 2.298600000000000000e+05 1.492254404699718580e+06 -9.445745810492304217e-01 3.729777149454419419e-03
-9.445662666356180459e-01 2.089620000000000000e+05 1.492254404699718580e+06 -9.447809314612175546e-01 3.671789906151457644e-03
-9.445662666356180459e-01 2.298600000000000000e+05 1.492254404699718580e+06 -9.444524771599289714e-01 3.743846537279729280e-03
-9.445662666356180459e-01 2.298600000000000000e+05 1.492254404699718580e+06 -9.445747846514394030e-01 3.726945395319049368e-03
-9.445662666356180459e-01 2.298600000000000000e+05 1.492254404699718580e+06 -9.445805951447742155e-01 3.732948166758427635e-03
-9.445662666356180459e-01 2.298600000000000000e+05 1.492254404699718580e+06 -9.443018167579323441e-01 3.778773825645151668e-03
-9.445662666356180459e-01 2.298600000000000000e+05 1.492254404699718580e+06 -9.444557295744137049e-01 3.694007847592873945e-03
-9.445662666356180459e-01 2.298600000000000000e+05 1.492254404699718580e+06 -9.444271260766478049e-01 3.685344746096412636e-03
-9.445662666356180459e-01 2.298600000000000000e+05 1.492254404699718580e+06 -9.446002244843664242e-01 3.743898587506272208e-03
-9.445662666356180459e-01 2.298600000000000000e+05 1.492254404699718580e+06 -9.445185121377162041e-01 3.713308068003807680e-03
-9.445662666356180459e-01 2.298600000000000000e+05 1.492254404699718580e+06 -9.446367475853871820e-01 3.692288256613902170e-03
-9.445662666356180459e-01 2.298600000000000000e+05 1.492254404699718580e+06 -9.445914069432560511e-01 3.680567203204588612e-03
-9.445662666356180459e-01 2.298600000000000000e+05 1.492254404699718580e+06 -9.445707543721370003e-01 3.718360994875918174e-03
-9.445662666356180459e-01 2.298600000000000000e+05 1.492254404699718580e+06 -9.447284573217328285e-01 3.751387032872518200e-03
-9.445662666356180459e-01 2.298600000000000000e+05 1.492254404699718580e+06 -9.444879770293974630e-01 3.722494382391269493e-03
-9.445662666356180459e-01 2.298600000000000000e+05 1.492254404699718580e+06 -9.448765648654643412e-01 3.708376539498966975e-03
-9.445662666356180459e-01 2.298600000000000000e+05 1.492254404699718580e+06 -9.442140015660698271e-01 3.728223822016989326e-03
-9.445662666356180459e-01 2.089620000000000000e+05 1.492254404699718580e+06 -9.449514715594109493e-01 3.656784731514310660e-03
-9.445662666356180459e-01 2.298600000000000000e+05 1.492254404699718580e+06 -9.444546593577639593e-01 3.708505352544562515e-03
-9.445662666356180459e-01 2.298600000000000000e+05 1.492254404699718580e+06 -9.444406369093414355e-01 3.769104088449581978e-03
-9.445662666356180459e-01 2.298600000000000000e+05 1.492254404699718580e+06 -9.446677421037921185e-01 3.726713561275707756e-03
-9.445662666356180459e-01 2.298600000000000000e+05 1.492254404699718580e+06 -9.444884573217586787e-01 3.729400189922251439e-03
-9.445662666356180459e-01 2.298600000000000000e+05 1.492254404699718580e+06 -9.443924928215989834e-01 3.760388520365311963e-03
-9.445662666356180459e-01 2.298600000000000000e+05 1.492254404699718580e+06 -9.446480657790755631e-01 3.728499427861878008e-03
-9.445662666356180459e-01 2.298600000000000000e+05 1.492254404699718580e+06 -9.446246985120545503e-01 3.685591349672185518e-03
-9.445662666356180459e-01 2.298600000000000000e+05 1.492254404699718580e+06 -9.442970086138475772e-01 3.747319708615013713e-03
-9.445662666356180459e-01 2.298600000000000000e+05 1.492254404699718580e+06 -9.443191647088556850e-01 3.733176594037273307e-03
-9.445662666356180459e-01 2.298600000000000000e+05 1.492254404699718580e+06 -9.446101279038398024e-01 3.705591908283176368e-03
-9.445662666356180459e-01 2.298600000000000000e+05 1.492254404699718580e+06 -9.445976455232572011e-01 3.688451562344277623e-03
-9.445662666356180459e-01 2.089620000000000000e+05 1.492254404699718580e+06 -9.448700347431494562e-01 3.671225432594667736e-03
-9.445662666356180459e-01 2.298600000000000000e+05 1.492254404699718580e+06 -9.444972226571749507e-01 3.734252546874585084e-03
-9.445662666356180459e-01 2.298600000000000000e+05 1.492254404699718580e+06 -9.446881023230470076e-01 3.729894555059198782e-03
-9.445662666356180459e-01 2.298600000000000000e+05 1.492254404699718580e+06 -9.441572122160410974e-01 3.768556351877853407e-03
-9.445662666356180459e-01 2.298600000000000000e+05 1.492254404699718580e+06 -9.442699086399382047e-01 3.749476628791295792e-03
-9.445662666356180459e-01 2.298600000000000000e+05 1.492254404699718580e+06 -9.446021091098047995e-01 3.694317723008253007e-03
-9.445662666356180459e-01 2.298600000000000000e+05 1.492254404699718580e+06 -9.450923570868066115e-01 3.702292296222979562e-03
-9.445662666356180459e-01 2.298600000000000000e+05 1.492254404699718580e+06 -9.447216444791372014e-01 3.715162782401194765e-03
-9.445662666356180459e-01 2.298600000000000000e+05 1.492254404699718580e+06 -9.440186583136578324e-01 3.705389630327687086e-03
-9.445662666356180459e-01 2.298600000000000000e+05 1.492254404699718580e+06 -9.446037744713257078e-01 3.730085180809264433e-03
-9.445662666356180459e-01 2.298600000000000000e+05 1.492254404699718580e+06 -9.439155729573552867e-01 3.807342890645272829e-03
-9.445662666356180459e-01 2.298600000000000000e+05 1.492254404699718580e+06 -9.443720856172278522e-01 3.696588427631751841e-03
-9.445662666356180459e-01 2.298600000000000000e+05 1.492254404699718580e+06 -9.445883111458055481e-01 3.729363075626962454e-03
-9.445662666356180459e-01 2.298600000000000000e+05 1.492254404699718580e+06 -9.445021195509313294e-01 3.741404551557499149e-03
-9.445662666356180459e-01 2.089620000000000000e+05 1.492254404699718580e+06 -9.448729405346319998e-01 3.654826113998219626e-03
-9.445662666356180459e-01 2.298600000000000000e+05 1.492254404699718580e+06 -9.448638788827080637e-01 3.683660686137838446e-03
-9.445662666356180459e-01 2.298600000000000000e+05 1.492254404699718580e+06 -9.449351344295572330e-01 3.672283530431291916e-03
-9.445662666356180459e-01 2.298600000000000000e+05 1.492254404699718580e+06 -9.444976768466711858e-01 3.726982189619806179e-03
-9.445662666356180459e-01 2.298600000000000000e+05 1.492254404699718580e+06 -9.446601357347012007e-01 3.684206323739420887e-03
-9.445662666356180459e-01 2.298600000000000000e+05 1.492254404699718580e+06 -9.445228399894665117e-01 3.702647907568809051e-03
