# Energy,SamplesEBS,SamplesHoeffding,E_estim,Var_estim
-9.751555229656769797e-01 5.479800000000000000e+05 1.643935257340639830e+06 -9.758850574834451175e-01 3.083817098164317802e-02
-9.751555229656769797e-01 5.479800000000000000e+05 1.643935257340639830e+06 -9.749319741592505917e-01 3.116246638828651730e-02
-9.751555229656769797e-01 5.479800000000000000e+05 1.643935257340639830e+06 -9.744731468297781474e-01 3.122078877342585393e-02
-9.751555229656769797e-01 5.479800000000000000e+05 1.643935257340639830e+06 -9.754095817361672083e-01 3.107564082705994296e-02
-9.751555229656769797e-01 5.479800000000000000e+05 1.643935257340639830e+06 -9.757241957731683790e-01 3.096800573037314375e-02
-9.751555229656769797e-01 5.479800000000000000e+05 1.643935257340639830e+06 -9.750447717065940934e-01 3.117244164184045443e-02
-9.751555229656769797e-01 5.479800000000000000e+05 1.643935257340639830e+06 -9.750792007003435957e-01 3.110512481673076077e-02
-9.751555229656769797e-01 5.479800000000000000e+05 1.643935257340639830e+06 -9.749158031311053740e-01 3.120931255915396912e-02
-9.751555229656769797e-01 5.479800000000000000e+05 1.643935257340639830e+06 -9.757228807616671329e-01 3.109746906493601748e-02
-9.751555229656769797e-01 5.479800000000000000e+05 1.643935257340639830e+06 -9.761994919518596214e-01 3.093733848205025561e-02
-9.751555229656769797e-01 5.479800000000000000e+05 1.643935257340639830e+06 -9.752143556330209462e-01 3.126689844878527413e-02
-9.751555229656769797e-01 5.479800000000000000e+05 1.643935257340639830e+06 -9.746518789002790450e-01 3.128600452310086738e-02
-9.751555229656769797e-01 5.479800000000000000e+05 1.643935257340639830e+06 -9.753755414427258685e-01 3.114473056881350913e-02
-9.751555229656769797e-01 5.479800000000000000e+05 1.643935257340639830e+06 -9.751868104671455040e-01 3.114149431357811013e-02
-9.751555229656769797e-01 5.479800000000000000e+05 1.643935257340639830e+06 -9.758031774878228592e-01 3.104596294995514913e-02
-9.751555229656769797e-01 5.479800000000000000e+05 1.643935257340639830e+06 -9.753375462604106927e-01 3.117855494741633704e-02
-9.751555229656769797e-01 5.479800000000000000e+05 1.643935257340639830e+06 -9.741340216792397921e-01 3.130052082742054015e-02
-9.751555229656769797e-01 5.479800000000000000e+05 1.643935257340639830e+06 -9.749701587645164258e-01 3.128994288319423417e-02
-9.751555229656769797e-01 5.479800000000000000e+05 1.643935257340639830e+06 -9.754292247888383116e-01 3.106693794202471451e-02
-9.751555229656769797e-01 5.479800000000000000e+05 1.643935257340639830e+06 -9.750986313365284097e-01 3.122853447231052279e-02
-9.751555229656769797e-01 5.479800000000000000e+05 1.643935257340639830e+06 -9.750630592353470849e-01 3.121100778553767552e-02
-9.751555229656769797e-01 5.479800000000000000e+05 1.643935257340639830e+06 -9.747034917328994963e-01 3.141532227622492041e-02
-9.751555229656769797e-01 5.479800000000000000e+05 1.643935257340639830e+06 -9.748301620493121655e-01 3.117776131012028537e-02
-9.751555229656769797e-01 5.479800000000000000e+05 1.643935257340639830e+06 -9.753735541438955936e-01 3.111176860034571556e-02
-9.751555229656769797e-01 5.479800000000000000e+05 1.643935257340639830e+06 -9.759401357709697189e-01 3.108190727660119224e-02
-9.751555229656769797e-01 5.479800000000000000e+05 1.643935257340639830e+06 -9.754310675567867683e-01 3.112666660880517369e-02
-9.751555229656769797e-01 5.479800000000000000e+05 1.643935257340639830e+06 -9.751557461947205629e-01 3.117190595327265154e-02
-9.751555229656769797e-01 5.479800000000000000e+05 1.643935257340639830e+06 -9.742682656297465549e-01 3.117845054494225443e-02
-9.751555229656769797e-01 5.479800000000000000e+05 1.643935257340639830e+06 -9.750734950176522808e-01 3.111253206400394974e-02
-9.751555229656769797e-01 5.479800000000000000e+05 1.643935257340639830e+06 -9.755849063830224210e-01 3.113061699553255901e-02
-9.751555229656769797e-01 5.479800000000000000e+05 1.643935257340639830e+06 -9.749987123613758078e-01 3.129257103442564109e-02
-9.751555229656769797e-01 5.479800000000000000e+05 1.643935257340639830e+06 -9.743836953899607245e-01 3.123554037874822636e-02
-9.751555229656769797e-01 5.479800000000000000e+05 1.643935257340639830e+06 -9.752025829405983615e-01 3.123967247177146175e-02
-9.751555229656769797e-01 5.479800000000000000e+05 1.643935257340639830e+06 -9.754644005251593697e-01 3.106033371074484392e-02
-9.751555229656769797e-01 5.479800000000000000e+05 1.643935257340639830e+06 -9.754191306247984583e-01 3.109475034435772722e-02
-9.751555229656769797e-01 5.479800000000000000e+05 1.643935257340639830e+06 -9.752036713014730074e-01 3.115122911292709726e-02
-9.751555229656769797e-01 5.479800000000000000e+05 1.643935257340639830e+06 -9.746644706007157044e-01 3.138011151151232775e-02
-9.751555229656769797e-01 5.479800000000000000e+05 1.643935257340639830e+06 -9.757065203105647067e-01 3.095581403749254890e-02
-9.751555229656769797e-01 5.479800000000000000e+05 1.643935257340639830e+06 -9.754584681918538891e-01 3.118597310097708658e-02
-9.751555229656769797e-01 5.479800000000000000e+05 1.643935257340639830e+06 -9.754503065801289896e-01 3.113508214329905460e-02
-9.751555229656769797e-01 5.479800000000000000e+05 1.643935257340639830e+06 -9.742268082772922444e-01 3.124229211287289990e-02
-9.751555229656769797e-01 5.479800000000000000e+05 1.643935257340639830e+06 -9.755473196097810273e-01 3.099523151926595818e-02
-9.751555229656769797e-01 5.479800000000000000e+05 1.643935257340639830e+06 -9.748336537825813553e-01 3.103218815214874374e-02
-9.751555229656769797e-01 5.479800000000000000e+05 1.643935257340639830e+06 -9.746024668779628142e-01 3.136076438986609705e-02
-9.751555229656769797e-01 5.479800000000000000e+05 1.643935257340639830e+06 -9.757040994192918149e-01 3.104286180177488405e-02
-9.751555229656769797e-01 5.479800000000000000e+05 1.643935257340639830e+06 -9.756405846924621761e-01 3.101725856737169718e-02
-9.751555229656769797e-01 5.479800000000000000e+05 1.643935257340639830e+06 -9.751115077188685643e-01 3.107554774618719387e-02
-9.751555229656769797e-01 5.479800000000000000e+05 1.643935257340639830e+06 -9.749442373805181639e-01 3.112263507160452705e-02
-9.751555229656769797e-01 5.479800000000000000e+05 1.643935257340639830e+06 -9.750778583155941259e-01 3.108383791047818201e-02
-9.751555229656769797e-01 5.479800000000000000e+05 1.643935257340639830e+06 -9.749094295408337052e-01 3.127444902839939672e-02
-9.751555229656769797e-01 5.479800000000000000e+05 1.643935257340639830e+06 -9.752742527095802361e-01 3.119554636382869048e-02
-9.751555229656769797e-01 5.479800000000000000e+05 1.643935257340639830e+06 -9.756229267487279699e-01 3.107871919865654031e-02
-9.751555229656769797e-01 5.479800000000000000e+05 1.643935257340639830e+06 -9.747135059669815860e-01 3.119786342857897021e-02
-9.751555229656769797e-01 5.479800000000000000e+05 1.643935257340639830e+06 -9.750852326723332686e-01 3.119449284517404261e-02
-9.751555229656769797e-01 5.479800000000000000e+05 1.643935257340639830e+06 -9.752449939774827659e-01 3.116897584073203761e-02
-9.751555229656769797e-01 5.479800000000000000e+05 1.643935257340639830e+06 -9.756515099087180731e-01 3.103516887354918277e-02
-9.751555229656769797e-01 5.479800000000000000e+05 1.643935257340639830e+06 -9.738981900795433688e-01 3.140666711808130784e-02
-9.751555229656769797e-01 5.479800000000000000e+05 1.643935257340639830e+06 -9.753303164344828691e-01 3.121772261886715180e-02
-9.751555229656769797e-01 5.479800000000000000e+05 1.643935257340639830e+06 -9.751379218215668887e-01 3.124166765044730093e-02
-9.751555229656769797e-01 5.479800000000000000e+05 1.643935257340639830e+06 -9.744613347198426423e-01 3.133209277047736135e-02
-9.751555229656769797e-01 5.479800000000000000e+05 1.643935257340639830e+06 -9.757220814624377736e-01 3.114553713716047834e-02
-9.751555229656769797e-01 5.479800000000000000e+05 1.643935257340639830e+06 -9.752464086276563249e-01 3.110126003839977504e-02
-9.751555229656769797e-01 5.479800000000000000e+05 1.643935257340639830e+06 -9.753184911854078099e-01 3.118846100758287943e-02
-9.751555229656769797e-01 5.479800000000000000e+05 1.643935257340639830e+06 -9.754919708744350659e-01 3.099354196280829088e-02
-9.751555229656769797e-01 5.479800000000000000e+05 1.643935257340639830e+06 -9.739326234530211179e-01 3.137837422846297825e-02
-9.751555229656769797e-01 5.479800000000000000e+05 1.643935257340639830e+06 -9.750919270772265834e-01 3.111884156277982746e-02
-9.751555229656769797e-01 5.479800000000000000e+05 1.643935257340639830e+06 -9.752518033500708894e-01 3.110267925947270487e-02
-9.751555229656769797e-01 5.479800000000000000e+05 1.643935257340639830e+06 -9.749915668451151207e-01 3.124944644988544504e-02
-9.751555229656769797e-01 5.479800000000000000e+05 1.643935257340639830e+06 -9.752545998025151652e-01 3.098809152018339175e-02
-9.751555229656769797e-01 5.479800000000000000e+05 1.643935257340639830e+06 -9.753282316868872037e-01 3.113358368443296456e-02
-9.751555229656769797e-01 5.479800000000000000e+05 1.643935257340639830e+06 -9.740623420558779388e-01 3.116123386094353867e-02
-9.751555229656769797e-01 5.479800000000000000e+05 1.643935257340639830e+06 -9.754368630238137161e-01 3.115843678453555574e-02
-9.751555229656769797e-01 5.479800000000000000e+05 1.643935257340639830e+06 -9.753519040836744480e-01 3.115512850736993841e-02
-9.751555229656769797e-01 5.479800000000000000e+05 1.643935257340639830e+06 -9.742758359790281153e-01 3.116437558349078457e-02
-9.751555229656769797e-01 5.479800000000000000e+05 1.643935257340639830e+06 -9.760355096897188609e-01 3.097294461196669138e-02
-9.751555229656769797e-01 5.479800000000000000e+05 1.643935257340639830e+06 -9.747987911963730268e-01 3.134094352631464769e-02
-9.751555229656769797e-01 5.479800000000000000e+05 1.643935257340639830e+06 -9.751365947658354738e-01 3.111336148202876670e-02
-9.751555229656769797e-01 5.479800000000000000e+05 1.643935257340639830e+06 -9.751839537935599322e-01 3.112396155441884277e-02
-9.751555229656769797e-01 5.479800000000000000e+05 1.643935257340639830e+06 -9.748341267925504372e-01 3.117913962031594252e-02
-9.751555229656769797e-01 5.479800000000000000e+05 1.643935257340639830e+06 -9.746404248326027142e-01 3.120556815521226615e-02
-9.751555229656769797e-01 5.479800000000000000e+05 1.643935257340639830e+06 -9.754199222595342222e-01 3.085293297271341981e-02
-9.751555229656769797e-01 5.479800000000000000e+05 1.643935257340639830e+06 -9.751208244822315852e-01 3.103904147174659303e-02
-9.751555229656769797e-01 5.479800000000000000e+05 1.643935257340639830e+06 -9.751252523810636230e-01 3.115592481137426789e-02
-9.751555229656769797e-01 5.479800000000000000e+05 1.643935257340639830e+06 -9.747217726920307523e-01 3.115070763296615489e-02
-9.751555229656769797e-01 5.479800000000000000e+05 1.643935257340639830e+06 -9.747546096568960872e-01 3.131269158173740491e-02
-9.751555229656769797e-01 5.479800000000000000e+05 1.643935257340639830e+06 -9.744471411361470548e-01 3.143555177635398018e-02
-9.751555229656769797e-01 5.479800000000000000e+05 1.643935257340639830e+06 -9.754966177593620280e-01 3.100163860324630510e-02
-9.751555229656769797e-01 5.479800000000000000e+05 1.643935257340639830e+06 -9.758374619507578229e-01 3.113451302095886220e-02
-9.751555229656769797e-01 5.479800000000000000e+05 1.643935257340639830e+06 -9.757939198506846434e-01 3.094370013679781373e-02
-9.751555229656769797e-01 5.479800000000000000e+05 1.643935257340639830e+06 -9.749416248764231074e-01 3.111719216221315101e-02
-9.751555229656769797e-01 5.479800000000000000e+05 1.643935257340639830e+06 -9.755843359242706292e-01 3.112880629271997518e-02
-9.751555229656769797e-01 5.479800000000000000e+05 1.643935257340639830e+06 -9.749704303072598277e-01 3.117029825132124413e-02
-9.751555229656769797e-01 5.479800000000000000e+05 1.643935257340639830e+06 -9.754992007003377985e-01 3.102537536810812471e-02
-9.751555229656769797e-01 5.479800000000000000e+05 1.643935257340639830e+06 -9.751340271538563309e-01 3.112053958287112898e-02
-9.751555229656769797e-01 5.479800000000000000e+05 1.643935257340639830e+06 -9.750874641406352961e-01 3.110409170604989948e-02
-9.751555229656769797e-01 5.479800000000000000e+05 1.643935257340639830e+06 -9.745885076093777633e-01 3.137857741669014544e-02
-9.751555229656769797e-01 5.479800000000000000e+05 1.643935257340639830e+06 -9.746978736446422209e-01 3.123095151475737200e-02
-9.751555229656769797e-01 5.479800000000000000e+05 1.643935257340639830e+06 -9.746310182849454717e-01 3.120622907109231806e-02
-9.751555229656769797e-01 5.479800000000000000e+05 1.643935257340639830e+06 -9.753380444538024552e-01 3.117816125250579690e-02
-9.751555229656769797e-01 5.479800000000000000e+05 1.643935257340639830e+06 -9.744998478042593559e-01 3.117909359251781407e-02
