# Energy,SamplesEBS,SamplesHoeffding,E_estim,Var_estim
-1.053442819867048019e+00 8.840250000000000000e+05 2.652066196901178453e+06 -1.053618709767158768e+00 5.114352226011523173e-02
-1.053442819867048019e+00 8.840250000000000000e+05 2.652066196901178453e+06 -1.053780396371032602e+00 5.120754105318379990e-02
-1.053442819867048019e+00 8.840250000000000000e+05 2.652066196901178453e+06 -1.053055862562590317e+00 5.134582230905785499e-02
-1.053442819867048019e+00 8.840250000000000000e+05 2.652066196901178453e+06 -1.054012824639450674e+00 5.071845725935911209e-02
-1.053442819867048019e+00 8.840250000000000000e+05 2.652066196901178453e+06 -1.052911749217372739e+00 5.143628868567262646e-02
-1.053442819867048019e+00 8.840250000000000000e+05 2.652066196901178453e+06 -1.053412361077906700e+00 5.124756883920771056e-02
-1.053442819867048019e+00 8.840250000000000000e+05 2.652066196901178453e+06 -1.053324887759836903e+00 5.089355916951610048e-02
-1.053442819867048019e+00 8.840250000000000000e+05 2.652066196901178453e+06 -1.053358529568619195e+00 5.120504813905814995e-02
-1.053442819867048019e+00 8.840250000000000000e+05 2.652066196901178453e+06 -1.053223679988579908e+00 5.144700029698392324e-02
-1.053442819867048019e+00 8.840250000000000000e+05 2.652066196901178453e+06 -1.053553289897798395e+00 5.121413929826947042e-02
-1.053442819867048019e+00 8.840250000000000000e+05 2.652066196901178453e+06 -1.054041403243008768e+00 5.067808707768441112e-02
-1.053442819867048019e+00 8.840250000000000000e+05 2.652066196901178453e+06 -1.053269265124735732e+00 5.108578538004805714e-02
-1.053442819867048019e+00 8.840250000000000000e+05 2.652066196901178453e+06 -1.052979970138732568e+00 5.141444934336845962e-02
-1.053442819867048019e+00 8.840250000000000000e+05 2.652066196901178453e+06 -1.053433748029644290e+00 5.121480620677731910e-02
-1.053442819867048019e+00 8.840250000000000000e+05 2.652066196901178453e+06 -1.052860042761116111e+00 5.146462041281951033e-02
-1.053442819867048019e+00 8.840250000000000000e+05 2.652066196901178453e+06 -1.053373785019550812e+00 5.141378073342638133e-02
-1.053442819867048019e+00 8.840250000000000000e+05 2.652066196901178453e+06 -1.053259070842912815e+00 5.134714806206699955e-02
-1.053442819867048019e+00 8.840250000000000000e+05 2.652066196901178453e+06 -1.053528371597982627e+00 5.137433033794003984e-02
-1.053442819867048019e+00 8.840250000000000000e+05 2.652066196901178453e+06 -1.053206887250802026e+00 5.117608592048260296e-02
-1.053442819867048019e+00 8.840250000000000000e+05 2.652066196901178453e+06 -1.052653640453493189e+00 5.175544921941617471e-02
-1.053442819867048019e+00 8.840250000000000000e+05 2.652066196901178453e+06 -1.053236961060949106e+00 5.150029177364990468e-02
-1.053442819867048019e+00 8.840250000000000000e+05 2.652066196901178453e+06 -1.052965434124490951e+00 5.143541354321236325e-02
-1.053442819867048019e+00 8.840250000000000000e+05 2.652066196901178453e+06 -1.054177403921732648e+00 5.090732108368568876e-02
-1.053442819867048019e+00 8.840250000000000000e+05 2.652066196901178453e+06 -1.053340866040990642e+00 5.105555017029912712e-02
-1.053442819867048019e+00 8.840250000000000000e+05 2.652066196901178453e+06 -1.053502254689524964e+00 5.130954975200410079e-02
-1.053442819867048019e+00 8.840250000000000000e+05 2.652066196901178453e+06 -1.053549425979930954e+00 5.125302638824678902e-02
-1.053442819867048019e+00 8.840250000000000000e+05 2.652066196901178453e+06 -1.053484684145708172e+00 5.128314045051932807e-02
-1.053442819867048019e+00 8.840250000000000000e+05 2.652066196901178453e+06 -1.053360024775202852e+00 5.118001994181126807e-02
-1.053442819867048019e+00 8.840250000000000000e+05 2.652066196901178453e+06 -1.054004027829439805e+00 5.123084613250384473e-02
-1.053442819867048019e+00 8.840250000000000000e+05 2.652066196901178453e+06 -1.052921017733547071e+00 5.158084634690795339e-02
-1.053442819867048019e+00 8.840250000000000000e+05 2.652066196901178453e+06 -1.053396767627504893e+00 5.126392482482632074e-02
-1.053442819867048019e+00 8.840250000000000000e+05 2.652066196901178453e+06 -1.053419893444093702e+00 5.137223143668124409e-02
-1.053442819867048019e+00 8.840250000000000000e+05 2.652066196901178453e+06 -1.053849385596461685e+00 5.113917927681402298e-02
-1.053442819867048019e+00 8.840250000000000000e+05 2.652066196901178453e+06 -1.053913844407013745e+00 5.102034710873893514e-02
-1.053442819867048019e+00 8.840250000000000000e+05 2.652066196901178453e+06 -1.054104797151560247e+00 5.049541558067040248e-02
-1.053442819867048019e+00 8.840250000000000000e+05 2.652066196901178453e+06 -1.053701890898916194e+00 5.131543823013429151e-02
-1.053442819867048019e+00 8.840250000000000000e+05 2.652066196901178453e+06 -1.053410474932165330e+00 5.130758732761207808e-02
-1.053442819867048019e+00 8.840250000000000000e+05 2.652066196901178453e+06 -1.053560337662288404e+00 5.134209779429538267e-02
-1.053442819867048019e+00 8.840250000000000000e+05 2.652066196901178453e+06 -1.053257959788354015e+00 5.133741218009530566e-02
-1.053442819867048019e+00 8.840250000000000000e+05 2.652066196901178453e+06 -1.053861077121004630e+00 5.093064673493487987e-02
-1.053442819867048019e+00 8.840250000000000000e+05 2.652066196901178453e+06 -1.053437999493115340e+00 5.115762156977077257e-02
-1.053442819867048019e+00 8.840250000000000000e+05 2.652066196901178453e+06 -1.053696679734067221e+00 5.110231370162140324e-02
-1.053442819867048019e+00 8.840250000000000000e+05 2.652066196901178453e+06 -1.053668198186596738e+00 5.089862823967787608e-02
-1.053442819867048019e+00 8.840250000000000000e+05 2.652066196901178453e+06 -1.053554447104902980e+00 5.127327903106475987e-02
-1.053442819867048019e+00 8.840250000000000000e+05 2.652066196901178453e+06 -1.052484186648427134e+00 5.152839755646224790e-02
-1.053442819867048019e+00 8.840250000000000000e+05 2.652066196901178453e+06 -1.053830268263801218e+00 5.112263658788446241e-02
-1.053442819867048019e+00 8.840250000000000000e+05 2.652066196901178453e+06 -1.053440941717598056e+00 5.127751620817863620e-02
-1.053442819867048019e+00 8.840250000000000000e+05 2.652066196901178453e+06 -1.053194569952089488e+00 5.134094839904894403e-02
-1.053442819867048019e+00 8.840250000000000000e+05 2.652066196901178453e+06 -1.053112151694694187e+00 5.151249903366693361e-02
-1.053442819867048019e+00 8.840250000000000000e+05 2.652066196901178453e+06 -1.052619889371803730e+00 5.181513979387423335e-02
-1.053442819867048019e+00 8.840250000000000000e+05 2.652066196901178453e+06 -1.053532681430829454e+00 5.097063610601805517e-02
-1.053442819867048019e+00 8.840250000000000000e+05 2.652066196901178453e+06 -1.053397245442049934e+00 5.151076802607017224e-02
-1.053442819867048019e+00 8.840250000000000000e+05 2.652066196901178453e+06 -1.052748318318943443e+00 5.172421119200912992e-02
-1.053442819867048019e+00 8.840250000000000000e+05 2.652066196901178453e+06 -1.054111067110001132e+00 5.092856808835635740e-02
-1.053442819867048019e+00 8.840250000000000000e+05 2.652066196901178453e+06 -1.054002385341955339e+00 5.119493328611550431e-02
-1.053442819867048019e+00 8.840250000000000000e+05 2.652066196901178453e+06 -1.053412504286538320e+00 5.124168835457237198e-02
-1.053442819867048019e+00 8.840250000000000000e+05 2.652066196901178453e+06 -1.053740132351348890e+00 5.095355417999215125e-02
-1.053442819867048019e+00 8.840250000000000000e+05 2.652066196901178453e+06 -1.053334777977875891e+00 5.127103317085385248e-02
-1.053442819867048019e+00 8.840250000000000000e+05 2.652066196901178453e+06 -1.052951477731846497e+00 5.146498793977020286e-02
-1.053442819867048019e+00 8.840250000000000000e+05 2.652066196901178453e+06 -1.053238651737100406e+00 5.134761151142797075e-02
-1.053442819867048019e+00 8.840250000000000000e+05 2.652066196901178453e+06 -1.053484160178613349e+00 5.095884870163664565e-02
-1.053442819867048019e+00 8.840250000000000000e+05 2.652066196901178453e+06 -1.053301901758315395e+00 5.119218968315571855e-02
-1.053442819867048019e+00 8.840250000000000000e+05 2.652066196901178453e+06 -1.054172865362298595e+00 5.090110740392393696e-02
-1.053442819867048019e+00 8.840250000000000000e+05 2.652066196901178453e+06 -1.053465621110149630e+00 5.106269269443845793e-02
-1.053442819867048019e+00 8.840250000000000000e+05 2.652066196901178453e+06 -1.053444376688317696e+00 5.120239227203486621e-02
-1.053442819867048019e+00 8.840250000000000000e+05 2.652066196901178453e+06 -1.052583689490557584e+00 5.158079896358898353e-02
-1.053442819867048019e+00 8.840250000000000000e+05 2.652066196901178453e+06 -1.053984716384614995e+00 5.089720563550557964e-02
-1.053442819867048019e+00 8.840250000000000000e+05 2.652066196901178453e+06 -1.053381460594340346e+00 5.111450875621047912e-02
-1.053442819867048019e+00 8.840250000000000000e+05 2.652066196901178453e+06 -1.052953222026401958e+00 5.149440888259114446e-02
-1.053442819867048019e+00 8.840250000000000000e+05 2.652066196901178453e+06 -1.053046687708956597e+00 5.150772155139186903e-02
-1.053442819867048019e+00 8.840250000000000000e+05 2.652066196901178453e+06 -1.053612295242662089e+00 5.100755481204007763e-02
-1.053442819867048019e+00 8.840250000000000000e+05 2.652066196901178453e+06 -1.052671749896079811e+00 5.153509386016182775e-02
-1.053442819867048019e+00 8.840250000000000000e+05 2.652066196901178453e+06 -1.053744958006732846e+00 5.124506356636906318e-02
-1.053442819867048019e+00 8.840250000000000000e+05 2.652066196901178453e+06 -1.053630102657621359e+00 5.125521949532244048e-02
-1.053442819867048019e+00 8.840250000000000000e+05 2.652066196901178453e+06 -1.053479371852500845e+00 5.146536329642239366e-02
-1.053442819867048019e+00 8.840250000000000000e+05 2.652066196901178453e+06 -1.052889637399279765e+00 5.141123932765249288e-02
-1.053442819867048019e+00 8.840250000000000000e+05 2.652066196901178453e+06 -1.053937120219341050e+00 5.072908607221612853e-02
-1.053442819867048019e+00 8.840250000000000000e+05 2.652066196901178453e+06 -1.053608567746271873e+00 5.125035535595011404e-02
-1.053442819867048019e+00 8.840250000000000000e+05 2.652066196901178453e+06 -1.053581442947774560e+00 5.099984292253232493e-02
-1.053442819867048019e+00 8.840250000000000000e+05 2.652066196901178453e+06 -1.053641210488279523e+00 5.110041475767104768e-02
-1.053442819867048019e+00 8.840250000000000000e+05 2.652066196901178453e+06 -1.054024452364933362e+00 5.087637916259493687e-02
-1.053442819867048019e+00 8.840250000000000000e+05 2.652066196901178453e+06 -1.053660328499659515e+00 5.105821750284138955e-02
-1.053442819867048019e+00 8.840250000000000000e+05 2.652066196901178453e+06 -1.053164010861568523e+00 5.136335502406651210e-02
-1.053442819867048019e+00 8.840250000000000000e+05 2.652066196901178453e+06 -1.052858153900516847e+00 5.161633463812614897e-02
-1.053442819867048019e+00 8.840250000000000000e+05 2.652066196901178453e+06 -1.053067259525342303e+00 5.140712439267405148e-02
-1.053442819867048019e+00 8.840250000000000000e+05 2.652066196901178453e+06 -1.053350953086047204e+00 5.115533454230663385e-02
-1.053442819867048019e+00 8.840250000000000000e+05 2.652066196901178453e+06 -1.053646466448248331e+00 5.118439384115381491e-02
-1.053442819867048019e+00 8.840250000000000000e+05 2.652066196901178453e+06 -1.052865353018174410e+00 5.138510473332551926e-02
-1.053442819867048019e+00 8.840250000000000000e+05 2.652066196901178453e+06 -1.053250909987732076e+00 5.134767645969279953e-02
-1.053442819867048019e+00 8.840250000000000000e+05 2.652066196901178453e+06 -1.052925023502613744e+00 5.154372773899969923e-02
-1.053442819867048019e+00 8.840250000000000000e+05 2.652066196901178453e+06 -1.053943000596040624e+00 5.119776655290574074e-02
-1.053442819867048019e+00 8.840250000000000000e+05 2.652066196901178453e+06 -1.053514623570490194e+00 5.106448835100572958e-02
-1.053442819867048019e+00 8.840250000000000000e+05 2.652066196901178453e+06 -1.053339217445088627e+00 5.125211813620228485e-02
-1.053442819867048019e+00 8.840250000000000000e+05 2.652066196901178453e+06 -1.053325847461201281e+00 5.130395196715881179e-02
-1.053442819867048019e+00 8.840250000000000000e+05 2.652066196901178453e+06 -1.053706440996464044e+00 5.090289265593440221e-02
-1.053442819867048019e+00 8.840250000000000000e+05 2.652066196901178453e+06 -1.053692574194071474e+00 5.126711533623842104e-02
-1.053442819867048019e+00 8.840250000000000000e+05 2.652066196901178453e+06 -1.053481691696392497e+00 5.110924845458535842e-02
-1.053442819867048019e+00 8.840250000000000000e+05 2.652066196901178453e+06 -1.052956890474693985e+00 5.144924439019548518e-02
-1.053442819867048019e+00 8.840250000000000000e+05 2.652066196901178453e+06 -1.053098302538840292e+00 5.140617487036776984e-02
-1.053442819867048019e+00 8.840250000000000000e+05 2.652066196901178453e+06 -1.053944782898576182e+00 5.125269227358604518e-02
