# Energy,SamplesEBS,SamplesHoeffding,E_estim,Var_estim
-9.490158446284291394e-01 3.701880000000000000e+05 1.508369548594609601e+06 -9.490293024065971084e-01 9.252306747018478397e-03
-9.490158446284291394e-01 3.701880000000000000e+05 1.508369548594609601e+06 -9.488641609109246255e-01 9.345452826656105300e-03
-9.490158446284291394e-01 3.701880000000000000e+05 1.508369548594609601e+06 -9.488819102707126696e-01 9.367094683416050602e-03
-9.490158446284291394e-01 3.701880000000000000e+05 1.508369548594609601e+06 -9.489016759033063186e-01 9.397138365196459203e-03
-9.490158446284291394e-01 3.701880000000000000e+05 1.508369548594609601e+06 -9.493235777477756487e-01 9.323371940215596787e-03
-9.490158446284291394e-01 3.701880000000000000e+05 1.508369548594609601e+06 -9.489346380738796771e-01 9.316502371003084967e-03
-9.490158446284291394e-01 3.701880000000000000e+05 1.508369548594609601e+06 -9.487603487938397473e-01 9.322801940391421335e-03
-9.490158446284291394e-01 3.701880000000000000e+05 1.508369548594609601e+06 -9.488317287413228218e-01 9.326188142595726038e-03
-9.490158446284291394e-01 3.701880000000000000e+05 1.508369548594609601e+06 -9.495294742111961561e-01 9.196841586468509910e-03
-9.490158446284291394e-01 3.701880000000000000e+05 1.508369548594609601e+06 -9.492261839910843824e-01 9.264356762587763403e-03
-9.490158446284291394e-01 3.701880000000000000e+05 1.508369548594609601e+06 -9.485660572446786842e-01 9.377571302517432456e-03
-9.490158446284291394e-01 3.701880000000000000e+05 1.508369548594609601e+06 -9.490313429913865839e-01 9.370100783806732322e-03
-9.490158446284291394e-01 3.701880000000000000e+05 1.508369548594609601e+06 -9.488548348387693121e-01 9.291909404477681489e-03
-9.490158446284291394e-01 3.701880000000000000e+05 1.508369548594609601e+06 -9.487141430821538490e-01 9.340131808237690098e-03
-9.490158446284291394e-01 3.701880000000000000e+05 1.508369548594609601e+06 -9.491195889637018546e-01 9.361410781065426442e-03
-9.490158446284291394e-01 3.701880000000000000e+05 1.508369548594609601e+06 -9.483974699322899049e-01 9.412774562746679605e-03
-9.490158446284291394e-01 3.701880000000000000e+05 1.508369548594609601e+06 -9.488250121540804383e-01 9.352420672494612258e-03
-9.490158446284291394e-01 3.701880000000000000e+05 1.508369548594609601e+06 -9.495287237816815162e-01 9.257794376688029472e-03
-9.490158446284291394e-01 3.701880000000000000e+05 1.508369548594609601e+06 -9.492502820169587130e-01 9.323354822319973242e-03
-9.490158446284291394e-01 3.701880000000000000e+05 1.508369548594609601e+06 -9.485990275192482946e-01 9.351384204248986559e-03
-9.490158446284291394e-01 3.701880000000000000e+05 1.508369548594609601e+06 -9.490478767526098203e-01 9.373957356405974647e-03
-9.490158446284291394e-01 3.701880000000000000e+05 1.508369548594609601e+06 -9.486044474680245253e-01 9.430331692201657234e-03
-9.490158446284291394e-01 3.701880000000000000e+05 1.508369548594609601e+06 -9.488462916120851132e-01 9.319343546278554408e-03
-9.490158446284291394e-01 3.701880000000000000e+05 1.508369548594609601e+06 -9.492271208123742587e-01 9.251812551217548919e-03
-9.490158446284291394e-01 3.701880000000000000e+05 1.508369548594609601e+06 -9.491431764381809133e-01 9.353301597022259384e-03
-9.490158446284291394e-01 3.701880000000000000e+05 1.508369548594609601e+06 -9.487098852455840836e-01 9.384479411175298061e-03
-9.490158446284291394e-01 3.701880000000000000e+05 1.508369548594609601e+06 -9.488404502557945541e-01 9.313486782905102887e-03
-9.490158446284291394e-01 3.701880000000000000e+05 1.508369548594609601e+06 -9.493714480190954541e-01 9.247497487302242317e-03
-9.490158446284291394e-01 3.701880000000000000e+05 1.508369548594609601e+06 -9.491999108541999686e-01 9.266856637294955054e-03
-9.490158446284291394e-01 3.701880000000000000e+05 1.508369548594609601e+06 -9.489957518863199049e-01 9.344533142940406392e-03
-9.490158446284291394e-01 3.701880000000000000e+05 1.508369548594609601e+06 -9.489582482395273466e-01 9.320650917905388619e-03
-9.490158446284291394e-01 3.701880000000000000e+05 1.508369548594609601e+06 -9.494750316036566495e-01 9.257563188073900107e-03
-9.490158446284291394e-01 3.701880000000000000e+05 1.508369548594609601e+06 -9.489339184395279014e-01 9.341616318309193742e-03
-9.490158446284291394e-01 3.701880000000000000e+05 1.508369548594609601e+06 -9.490280527712795511e-01 9.355433861765292611e-03
-9.490158446284291394e-01 3.701880000000000000e+05 1.508369548594609601e+06 -9.491285973594408842e-01 9.333194406950375693e-03
-9.490158446284291394e-01 3.701880000000000000e+05 1.508369548594609601e+06 -9.490409899815586137e-01 9.296397308421371422e-03
-9.490158446284291394e-01 3.701880000000000000e+05 1.508369548594609601e+06 -9.492426367124104924e-01 9.302716132093925144e-03
-9.490158446284291394e-01 3.701880000000000000e+05 1.508369548594609601e+06 -9.485214852974560573e-01 9.380964493846304444e-03
-9.490158446284291394e-01 3.701880000000000000e+05 1.508369548594609601e+06 -9.485100538085842192e-01 9.349789061527870315e-03
-9.490158446284291394e-01 3.701880000000000000e+05 1.508369548594609601e+06 -9.492628399604923217e-01 9.282017442249441974e-03
-9.490158446284291394e-01 3.701880000000000000e+05 1.508369548594609601e+06 -9.493844662692928482e-01 9.237563659993954304e-03
-9.490158446284291394e-01 3.701880000000000000e+05 1.508369548594609601e+06 -9.488179940983944016e-01 9.384051643955563377e-03
-9.490158446284291394e-01 3.701880000000000000e+05 1.508369548594609601e+06 -9.491875004032892527e-01 9.267454576284469420e-03
-9.490158446284291394e-01 3.701880000000000000e+05 1.508369548594609601e+06 -9.490483565088391193e-01 9.316894366681774398e-03
-9.490158446284291394e-01 3.701880000000000000e+05 1.508369548594609601e+06 -9.490767204752555974e-01 9.329765494284446986e-03
-9.490158446284291394e-01 3.701880000000000000e+05 1.508369548594609601e+06 -9.491196586580151751e-01 9.261721383459809581e-03
-9.490158446284291394e-01 3.701880000000000000e+05 1.508369548594609601e+06 -9.494215711997472384e-01 9.306983382971591515e-03
-9.490158446284291394e-01 3.701880000000000000e+05 1.508369548594609601e+06 -9.488806136322414098e-01 9.334775657230291041e-03
-9.490158446284291394e-01 3.701880000000000000e+05 1.508369548594609601e+06 -9.494644672417620335e-01 9.272605598631203372e-03
-9.490158446284291394e-01 3.701880000000000000e+05 1.508369548594609601e+06 -9.486580780557282155e-01 9.394563793814932062e-03
-9.490158446284291394e-01 3.701880000000000000e+05 1.508369548594609601e+06 -9.493140199014876712e-01 9.228100734272612696e-03
-9.490158446284291394e-01 3.701880000000000000e+05 1.508369548594609601e+06 -9.491754611151456134e-01 9.335742465547691715e-03
-9.490158446284291394e-01 3.701880000000000000e+05 1.508369548594609601e+06 -9.491435476009233430e-01 9.302842636027484555e-03
-9.490158446284291394e-01 3.701880000000000000e+05 1.508369548594609601e+06 -9.496548024228085305e-01 9.264440355963288881e-03
-9.490158446284291394e-01 3.701880000000000000e+05 1.508369548594609601e+06 -9.491188839165344282e-01 9.278676456879807882e-03
-9.490158446284291394e-01 3.701880000000000000e+05 1.508369548594609601e+06 -9.487332701203040619e-01 9.342571320497754239e-03
-9.490158446284291394e-01 3.701880000000000000e+05 1.508369548594609601e+06 -9.490953402036054198e-01 9.298403449739688423e-03
-9.490158446284291394e-01 3.701880000000000000e+05 1.508369548594609601e+06 -9.489226652384565863e-01 9.375142300497211686e-03
-9.490158446284291394e-01 3.701880000000000000e+05 1.508369548594609601e+06 -9.493997455327930490e-01 9.259741817999165084e-03
-9.490158446284291394e-01 3.701880000000000000e+05 1.508369548594609601e+06 -9.486139664151558293e-01 9.380155757123673915e-03
-9.490158446284291394e-01 3.701880000000000000e+05 1.508369548594609601e+06 -9.492999481325550271e-01 9.238296956276030591e-03
-9.490158446284291394e-01 3.701880000000000000e+05 1.508369548594609601e+06 -9.493210298532004376e-01 9.252226552676734786e-03
-9.490158446284291394e-01 3.701880000000000000e+05 1.508369548594609601e+06 -9.489851405212844648e-01 9.279220205953685879e-03
-9.490158446284291394e-01 3.701880000000000000e+05 1.508369548594609601e+06 -9.492370579254183482e-01 9.261174012411497666e-03
-9.490158446284291394e-01 3.701880000000000000e+05 1.508369548594609601e+06 -9.486401082674050800e-01 9.373840813453980861e-03
-9.490158446284291394e-01 3.701880000000000000e+05 1.508369548594609601e+06 -9.491163295387554655e-01 9.307352229960434015e-03
-9.490158446284291394e-01 3.701880000000000000e+05 1.508369548594609601e+06 -9.488117572673714362e-01 9.317327194639480129e-03
-9.490158446284291394e-01 3.701880000000000000e+05 1.508369548594609601e+06 -9.490091494032539821e-01 9.258125345356900057e-03
-9.490158446284291394e-01 3.701880000000000000e+05 1.508369548594609601e+06 -9.487637362618268622e-01 9.353202498375323345e-03
-9.490158446284291394e-01 3.701880000000000000e+05 1.508369548594609601e+06 -9.485418554877365072e-01 9.449219040194327054e-03
-9.490158446284291394e-01 3.701880000000000000e+05 1.508369548594609601e+06 -9.494409267704292388e-01 9.224455941907043141e-03
-9.490158446284291394e-01 3.701880000000000000e+05 1.508369548594609601e+06 -9.485240250880389024e-01 9.426424260425612586e-03
-9.490158446284291394e-01 3.701880000000000000e+05 1.508369548594609601e+06 -9.484878764284485619e-01 9.358904159027061839e-03
-9.490158446284291394e-01 3.701880000000000000e+05 1.508369548594609601e+06 -9.487895798872293396e-01 9.357061506234642598e-03
-9.490158446284291394e-01 3.701880000000000000e+05 1.508369548594609601e+06 -9.488012593581988119e-01 9.428060107494558653e-03
-9.490158446284291394e-01 3.701880000000000000e+05 1.508369548594609601e+06 -9.488050990288570130e-01 9.298242709929079031e-03
-9.490158446284291394e-01 3.701880000000000000e+05 1.508369548594609601e+06 -9.488803380965703527e-01 9.335220207757772767e-03
-9.490158446284291394e-01 3.701880000000000000e+05 1.508369548594609601e+06 -9.494584168025299586e-01 9.247216068303113976e-03
-9.490158446284291394e-01 3.701880000000000000e+05 1.508369548594609601e+06 -9.489923060696071611e-01 9.335795877753563440e-03
-9.490158446284291394e-01 3.701880000000000000e+05 1.508369548594609601e+06 -9.492948620681757044e-01 9.324304908809597295e-03
-9.490158446284291394e-01 3.701880000000000000e+05 1.508369548594609601e+06 -9.493868083225133203e-01 9.234468089035979127e-03
-9.490158446284291394e-01 3.701880000000000000e+05 1.508369548594609601e+06 -9.486915669856752498e-01 9.353632038774638627e-03
-9.490158446284291394e-01 3.701880000000000000e+05 1.508369548594609601e+06 -9.494097604441339433e-01 9.321414237566454444e-03
-9.490158446284291394e-01 3.701880000000000000e+05 1.508369548594609601e+06 -9.493005332406631025e-01 9.332828947728055366e-03
-9.490158446284291394e-01 3.701880000000000000e+05 1.508369548594609601e+06 -9.487160442782832659e-01 9.367558797970116855e-03
-9.490158446284291394e-01 3.701880000000000000e+05 1.508369548594609601e+06 -9.490885231268739730e-01 9.306708631196345533e-03
-9.490158446284291394e-01 3.701880000000000000e+05 1.508369548594609601e+06 -9.488371713812819852e-01 9.341823063027727969e-03
-9.490158446284291394e-01 3.701880000000000000e+05 1.508369548594609601e+06 -9.493104703537044164e-01 9.302220836438267540e-03
-9.490158446284291394e-01 3.701880000000000000e+05 1.508369548594609601e+06 -9.494260851224052278e-01 9.347062643682462965e-03
-9.490158446284291394e-01 3.701880000000000000e+05 1.508369548594609601e+06 -9.491649972427415038e-01 9.300296747324377292e-03
-9.490158446284291394e-01 3.701880000000000000e+05 1.508369548594609601e+06 -9.489267107504651966e-01 9.351519550073806794e-03
-9.490158446284291394e-01 3.701880000000000000e+05 1.508369548594609601e+06 -9.485579402878989708e-01 9.461302943799234505e-03
-9.490158446284291394e-01 3.701880000000000000e+05 1.508369548594609601e+06 -9.490094443885054298e-01 9.340368947797921678e-03
-9.490158446284291394e-01 3.701880000000000000e+05 1.508369548594609601e+06 -9.492683133956099084e-01 9.283259420765740261e-03
-9.490158446284291394e-01 3.701880000000000000e+05 1.508369548594609601e+06 -9.485416771999476415e-01 9.361755588334070080e-03
-9.490158446284291394e-01 3.701880000000000000e+05 1.508369548594609601e+06 -9.491903303167374961e-01 9.389445663617828827e-03
-9.490158446284291394e-01 3.701880000000000000e+05 1.508369548594609601e+06 -9.493772245434612955e-01 9.386871001190129349e-03
-9.490158446284291394e-01 3.701880000000000000e+05 1.508369548594609601e+06 -9.492838714363887043e-01 9.243978446622244313e-03
-9.490158446284291394e-01 3.701880000000000000e+05 1.508369548594609601e+06 -9.490284628331936423e-01 9.330638809618244447e-03
-9.490158446284291394e-01 3.701880000000000000e+05 1.508369548594609601e+06 -9.489822960206601987e-01 9.413999850917082607e-03
