# Energy,SamplesEBS,SamplesHoeffding,E_estim,Var_estim
-9.438607386042258129e-01 1.899660000000000000e+05 1.487026290182565805e+06 -9.438501342355384294e-01 2.716927926973048291e-03
-9.438607386042258129e-01 1.899660000000000000e+05 1.487026290182565805e+06 -9.438563153416353879e-01 2.661446367547815571e-03
-9.438607386042258129e-01 1.899660000000000000e+05 1.487026290182565805e+06 -9.440047376908953236e-01 2.724929929070838558e-03
-9.438607386042258129e-01 1.899660000000000000e+05 1.487026290182565805e+06 -9.437647515881210092e-01 2.682353533038680203e-03
-9.438607386042258129e-01 1.899660000000000000e+05 1.487026290182565805e+06 -9.439971289609150329e-01 2.681018066961143951e-03
-9.438607386042258129e-01 1.899660000000000000e+05 1.487026290182565805e+06 -9.437434351420190826e-01 2.695743825523702359e-03
-9.438607386042258129e-01 1.899660000000000000e+05 1.487026290182565805e+06 -9.434655380446442807e-01 2.766047157137771322e-03
-9.438607386042258129e-01 1.899660000000000000e+05 1.487026290182565805e+06 -9.441026183642797776e-01 2.652246382809432621e-03
-9.438607386042258129e-01 1.899660000000000000e+05 1.487026290182565805e+06 -9.439623827431672387e-01 2.688636572632939221e-03
-9.438607386042258129e-01 1.899660000000000000e+05 1.487026290182565805e+06 -9.436105966340793128e-01 2.684846735043021522e-03
-9.438607386042258129e-01 1.899660000000000000e+05 1.487026290182565805e+06 -9.443956034247623643e-01 2.657672866758187171e-03
-9.438607386042258129e-01 1.899660000000000000e+05 1.487026290182565805e+06 -9.437624016939294425e-01 2.713434053567559921e-03
-9.438607386042258129e-01 1.899660000000000000e+05 1.487026290182565805e+06 -9.437165345387515947e-01 2.709503735069549325e-03
-9.438607386042258129e-01 1.899660000000000000e+05 1.487026290182565805e+06 -9.438284640419282168e-01 2.690479186311240702e-03
-9.438607386042258129e-01 1.899660000000000000e+05 1.487026290182565805e+06 -9.442211711579382438e-01 2.670061749466182306e-03
-9.438607386042258129e-01 1.899660000000000000e+05 1.487026290182565805e+06 -9.438594674846484400e-01 2.694802878180094230e-03
-9.438607386042258129e-01 1.899660000000000000e+05 1.487026290182565805e+06 -9.438384163491785328e-01 2.734300625833335514e-03
-9.438607386042258129e-01 1.899660000000000000e+05 1.487026290182565805e+06 -9.444559458018220166e-01 2.608378365256506636e-03
-9.438607386042258129e-01 1.899660000000000000e+05 1.487026290182565805e+06 -9.437839897675834866e-01 2.698326304840847900e-03
-9.438607386042258129e-01 1.899660000000000000e+05 1.487026290182565805e+06 -9.439845140719352878e-01 2.672244045964212739e-03
-9.438607386042258129e-01 1.899660000000000000e+05 1.487026290182565805e+06 -9.436880104870811747e-01 2.685455124485766967e-03
-9.438607386042258129e-01 1.899660000000000000e+05 1.487026290182565805e+06 -9.436178516165482089e-01 2.709102620623998498e-03
-9.438607386042258129e-01 1.899660000000000000e+05 1.487026290182565805e+06 -9.438486592347564708e-01 2.651623536128138933e-03
-9.438607386042258129e-01 1.899660000000000000e+05 1.487026290182565805e+06 -9.435299769442384576e-01 2.724439860674446583e-03
-9.438607386042258129e-01 1.899660000000000000e+05 1.487026290182565805e+06 -9.442586620773619766e-01 2.665121104749605587e-03
-9.438607386042258129e-01 1.899660000000000000e+05 1.487026290182565805e+06 -9.440571460165944062e-01 2.701320335930097651e-03
-9.438607386042258129e-01 1.899660000000000000e+05 1.487026290182565805e+06 -9.440381320877887505e-01 2.697265803544849055e-03
-9.438607386042258129e-01 1.899660000000000000e+05 1.487026290182565805e+06 -9.437797984912504878e-01 2.683196845568305584e-03
-9.438607386042258129e-01 1.899660000000000000e+05 1.487026290182565805e+06 -9.441168630185907684e-01 2.638589671572929424e-03
-9.438607386042258129e-01 1.899660000000000000e+05 1.487026290182565805e+06 -9.440866144477876309e-01 2.702264919606528308e-03
-9.438607386042258129e-01 1.899660000000000000e+05 1.487026290182565805e+06 -9.435826032036710442e-01 2.743646578792005835e-03
-9.438607386042258129e-01 1.899660000000000000e+05 1.487026290182565805e+06 -9.437089131749299975e-01 2.732473302844343806e-03
-9.438607386042258129e-01 1.899660000000000000e+05 1.487026290182565805e+06 -9.439664034626714662e-01 2.630466025279515167e-03
-9.438607386042258129e-01 1.899660000000000000e+05 1.487026290182565805e+06 -9.440153343239787720e-01 2.678195964219975966e-03
-9.438607386042258129e-01 1.899660000000000000e+05 1.487026290182565805e+06 -9.438909131117605433e-01 2.709591895443909035e-03
-9.438607386042258129e-01 1.899660000000000000e+05 1.487026290182565805e+06 -9.439478790951494336e-01 2.663690944870772577e-03
-9.438607386042258129e-01 1.899660000000000000e+05 1.487026290182565805e+06 -9.437874545981326246e-01 2.719227765416416722e-03
-9.438607386042258129e-01 1.899660000000000000e+05 1.487026290182565805e+06 -9.437768705988933693e-01 2.667202091954919835e-03
-9.438607386042258129e-01 1.899660000000000000e+05 1.487026290182565805e+06 -9.436734878882948596e-01 2.770478344490222636e-03
-9.438607386042258129e-01 1.899660000000000000e+05 1.487026290182565805e+06 -9.440158775790876700e-01 2.646946003643061828e-03
-9.438607386042258129e-01 1.899660000000000000e+05 1.487026290182565805e+06 -9.438415274322192738e-01 2.710605549809163954e-03
-9.438607386042258129e-01 1.899660000000000000e+05 1.487026290182565805e+06 -9.438963740889909637e-01 2.692502870887879436e-03
-9.438607386042258129e-01 1.899660000000000000e+05 1.487026290182565805e+06 -9.440230851846606042e-01 2.657391888853307630e-03
-9.438607386042258129e-01 1.899660000000000000e+05 1.487026290182565805e+06 -9.439865449616737791e-01 2.652087058579432992e-03
-9.438607386042258129e-01 1.899660000000000000e+05 1.487026290182565805e+06 -9.442786677625926162e-01 2.660381388550595201e-03
-9.438607386042258129e-01 1.899660000000000000e+05 1.487026290182565805e+06 -9.437751523966886325e-01 2.713784537274823057e-03
-9.438607386042258129e-01 1.899660000000000000e+05 1.487026290182565805e+06 -9.437509554351209973e-01 2.737737571219591229e-03
-9.438607386042258129e-01 1.899660000000000000e+05 1.487026290182565805e+06 -9.437013455049274580e-01 2.710673827093119503e-03
-9.438607386042258129e-01 1.899660000000000000e+05 1.487026290182565805e+06 -9.440010896696665599e-01 2.691356409797900692e-03
-9.438607386042258129e-01 1.899660000000000000e+05 1.487026290182565805e+06 -9.438805123031945854e-01 2.671643855785301586e-03
-9.438607386042258129e-01 1.899660000000000000e+05 1.487026290182565805e+06 -9.437466283450132165e-01 2.722751576967375169e-03
-9.438607386042258129e-01 1.899660000000000000e+05 1.487026290182565805e+06 -9.440497078434442191e-01 2.708760807308775980e-03
-9.438607386042258129e-01 1.899660000000000000e+05 1.487026290182565805e+06 -9.439383279123051418e-01 2.647804746895324364e-03
-9.438607386042258129e-01 1.899660000000000000e+05 1.487026290182565805e+06 -9.441995420243020076e-01 2.648188407743389938e-03
-9.438607386042258129e-01 1.899660000000000000e+05 1.487026290182565805e+06 -9.435590442510201070e-01 2.705845823744995084e-03
-9.438607386042258129e-01 1.899660000000000000e+05 1.487026290182565805e+06 -9.438634755703062540e-01 2.685154938271639997e-03
-9.438607386042258129e-01 1.899660000000000000e+05 1.487026290182565805e+06 -9.435895454986085173e-01 2.721632285957602520e-03
-9.438607386042258129e-01 1.899660000000000000e+05 1.487026290182565805e+06 -9.437913805638293852e-01 2.693605452148719465e-03
-9.438607386042258129e-01 1.899660000000000000e+05 1.487026290182565805e+06 -9.436971605455161116e-01 2.674971252024853623e-03
-9.438607386042258129e-01 1.899660000000000000e+05 1.487026290182565805e+06 -9.438733046976258700e-01 2.668416276342161671e-03
-9.438607386042258129e-01 1.899660000000000000e+05 1.487026290182565805e+06 -9.442228419832420228e-01 2.639361625074694052e-03
-9.438607386042258129e-01 1.899660000000000000e+05 1.487026290182565805e+06 -9.438552762083134429e-01 2.659908176785267739e-03
-9.438607386042258129e-01 1.899660000000000000e+05 1.487026290182565805e+06 -9.442698840855124898e-01 2.650508446312416482e-03
-9.438607386042258129e-01 1.899660000000000000e+05 1.487026290182565805e+06 -9.441963898812864020e-01 2.655560081406263626e-03
-9.438607386042258129e-01 1.899660000000000000e+05 1.487026290182565805e+06 -9.438786582872100706e-01 2.705617376838765926e-03
-9.438607386042258129e-01 1.899660000000000000e+05 1.487026290182565805e+06 -9.438210732456820962e-01 2.684577590054841416e-03
-9.438607386042258129e-01 1.899660000000000000e+05 1.487026290182565805e+06 -9.440854110745567906e-01 2.609115665304552727e-03
-9.438607386042258129e-01 1.899660000000000000e+05 1.487026290182565805e+06 -9.439894602201888141e-01 2.712083724921428556e-03
-9.438607386042258129e-01 1.899660000000000000e+05 1.487026290182565805e+06 -9.437333880809696263e-01 2.694518651488788177e-03
-9.438607386042258129e-01 1.899660000000000000e+05 1.487026290182565805e+06 -9.437448406566921744e-01 2.633980791197905978e-03
-9.438607386042258129e-01 1.899660000000000000e+05 1.487026290182565805e+06 -9.440905814734645851e-01 2.703718153263346378e-03
-9.438607386042258129e-01 1.899660000000000000e+05 1.487026290182565805e+06 -9.438706357989774531e-01 2.701643045438397069e-03
-9.438607386042258129e-01 1.899660000000000000e+05 1.487026290182565805e+06 -9.442811060936612266e-01 2.632571184209494663e-03
-9.438607386042258129e-01 1.899660000000000000e+05 1.487026290182565805e+06 -9.441319509816961109e-01 2.653046304334680337e-03
-9.438607386042258129e-01 1.899660000000000000e+05 1.487026290182565805e+06 -9.438046271447978475e-01 2.689627365711948995e-03
-9.438607386042258129e-01 1.899660000000000000e+05 1.487026290182565805e+06 -9.435731467746271139e-01 2.705700354049598352e-03
-9.438607386042258129e-01 1.899660000000000000e+05 1.487026290182565805e+06 -9.439432930113261788e-01 2.607277735925560801e-03
-9.438607386042258129e-01 1.899660000000000000e+05 1.487026290182565805e+06 -9.440935693765664105e-01 2.609046705223412067e-03
-9.438607386042258129e-01 1.899660000000000000e+05 1.487026290182565805e+06 -9.439161618404833254e-01 2.641843465200662336e-03
-9.438607386042258129e-01 1.899660000000000000e+05 1.487026290182565805e+06 -9.438169230293240730e-01 2.728759464400177474e-03
-9.438607386042258129e-01 1.899660000000000000e+05 1.487026290182565805e+06 -9.439531031878825029e-01 2.678904214955919565e-03
-9.438607386042258129e-01 1.899660000000000000e+05 1.487026290182565805e+06 -9.439797795404908376e-01 2.698989186679319301e-03
-9.438607386042258129e-01 1.899660000000000000e+05 1.487026290182565805e+06 -9.438629796920948722e-01 2.707196925774904041e-03
-9.438607386042258129e-01 1.899660000000000000e+05 1.487026290182565805e+06 -9.438160260267011159e-01 2.698712988057493274e-03
-9.438607386042258129e-01 1.899660000000000000e+05 1.487026290182565805e+06 -9.438240074549610892e-01 2.665688198289197820e-03
-9.438607386042258129e-01 1.899660000000000000e+05 1.487026290182565805e+06 -9.438349925786123640e-01 2.726945175272733977e-03
-9.438607386042258129e-01 1.899660000000000000e+05 1.487026290182565805e+06 -9.441894475863498171e-01 2.677375255742617689e-03
-9.438607386042258129e-01 1.899660000000000000e+05 1.487026290182565805e+06 -9.435913047607943360e-01 2.715167302354678722e-03
-9.438607386042258129e-01 1.899660000000000000e+05 1.487026290182565805e+06 -9.437297748027985156e-01 2.731711036505880298e-03
-9.438607386042258129e-01 1.899660000000000000e+05 1.487026290182565805e+06 -9.439551277606983426e-01 2.714332888615393798e-03
-9.438607386042258129e-01 1.899660000000000000e+05 1.487026290182565805e+06 -9.438668393301307136e-01 2.792265705361958016e-03
-9.438607386042258129e-01 1.899660000000000000e+05 1.487026290182565805e+06 -9.441173999567770148e-01 2.661210163906595552e-03
-9.438607386042258129e-01 1.899660000000000000e+05 1.487026290182565805e+06 -9.434231767799954316e-01 2.766514522603246568e-03
-9.438607386042258129e-01 1.899660000000000000e+05 1.487026290182565805e+06 -9.440257351325422874e-01 2.731803520507143559e-03
-9.438607386042258129e-01 1.899660000000000000e+05 1.487026290182565805e+06 -9.433184611993185031e-01 2.718164403892232503e-03
-9.438607386042258129e-01 1.899660000000000000e+05 1.487026290182565805e+06 -9.443548245485424708e-01 2.654141234520937011e-03
-9.438607386042258129e-01 1.899660000000000000e+05 1.487026290182565805e+06 -9.436797984912500548e-01 2.754985998297987838e-03
-9.438607386042258129e-01 1.899660000000000000e+05 1.487026290182565805e+06 -9.435879157332804912e-01 2.778213940606075096e-03
-9.438607386042258129e-01 1.899660000000000000e+05 1.487026290182565805e+06 -9.443161713158589876e-01 2.587849684000140520e-03
-9.438607386042258129e-01 1.899660000000000000e+05 1.487026290182565805e+06 -9.441069865143693063e-01 2.654282068021157712e-03
