# Energy,SamplesEBS,SamplesHoeffding,E_estim,Var_estim
-1.125594262360334774e+00 1.277988000000000000e+06 7.292574358356757089e+06 -1.125747996229252257e+00 4.348248883648765661e-02
-1.125594262360334774e+00 1.405788000000000000e+06 7.292574358356757089e+06 -1.125571122250030864e+00 4.386483455117232838e-02
-1.125594262360334774e+00 1.405788000000000000e+06 7.292574358356757089e+06 -1.125533376729364266e+00 4.407394364912428641e-02
-1.125594262360334774e+00 1.405788000000000000e+06 7.292574358356757089e+06 -1.125198227901806014e+00 4.462186632287857418e-02
-1.125594262360334774e+00 1.405788000000000000e+06 7.292574358356757089e+06 -1.125284446734233779e+00 4.438227443221777480e-02
-1.125594262360334774e+00 1.277988000000000000e+06 7.292574358356757089e+06 -1.125812756931235947e+00 4.346454471595702362e-02
-1.125594262360334774e+00 1.405788000000000000e+06 7.292574358356757089e+06 -1.125292241508405677e+00 4.456775634138834818e-02
-1.125594262360334774e+00 1.405788000000000000e+06 7.292574358356757089e+06 -1.125556464847917937e+00 4.416879246143318866e-02
-1.125594262360334774e+00 1.405788000000000000e+06 7.292574358356757089e+06 -1.125672947276276314e+00 4.449230811916051603e-02
-1.125594262360334774e+00 1.405788000000000000e+06 7.292574358356757089e+06 -1.125204373494171239e+00 4.438294564106951001e-02
-1.125594262360334774e+00 1.405788000000000000e+06 7.292574358356757089e+06 -1.125321299374883566e+00 4.469815055460647779e-02
-1.125594262360334774e+00 1.405788000000000000e+06 7.292574358356757089e+06 -1.125522476081471934e+00 4.399990722982202035e-02
-1.125594262360334774e+00 1.405788000000000000e+06 7.292574358356757089e+06 -1.126126015590990015e+00 4.371988861274406224e-02
-1.125594262360334774e+00 1.405788000000000000e+06 7.292574358356757089e+06 -1.125847955599011074e+00 4.409062529235522471e-02
-1.125594262360334774e+00 1.405788000000000000e+06 7.292574358356757089e+06 -1.125494774180482827e+00 4.371437856375533226e-02
-1.125594262360334774e+00 1.405788000000000000e+06 7.292574358356757089e+06 -1.125755024374671454e+00 4.403111669411840373e-02
-1.125594262360334774e+00 1.405788000000000000e+06 7.292574358356757089e+06 -1.125411643295874731e+00 4.430093341771498827e-02
-1.125594262360334774e+00 1.405788000000000000e+06 7.292574358356757089e+06 -1.124811487938160548e+00 4.525214421066830334e-02
-1.125594262360334774e+00 1.277988000000000000e+06 7.292574358356757089e+06 -1.125888684874216228e+00 4.362860136888673662e-02
-1.125594262360334774e+00 1.405788000000000000e+06 7.292574358356757089e+06 -1.125694092996685214e+00 4.405424780565230652e-02
-1.125594262360334774e+00 1.405788000000000000e+06 7.292574358356757089e+06 -1.125655800309589560e+00 4.443918321233513574e-02
-1.125594262360334774e+00 1.405788000000000000e+06 7.292574358356757089e+06 -1.125270229796829113e+00 4.448591791636702375e-02
-1.125594262360334774e+00 1.405788000000000000e+06 7.292574358356757089e+06 -1.125092599599385235e+00 4.467635632146517433e-02
-1.125594262360334774e+00 1.277988000000000000e+06 7.292574358356757089e+06 -1.125605812734576272e+00 4.351046151463332928e-02
-1.125594262360334774e+00 1.405788000000000000e+06 7.292574358356757089e+06 -1.125724025817278484e+00 4.433647794779548013e-02
-1.125594262360334774e+00 1.405788000000000000e+06 7.292574358356757089e+06 -1.125515431633800967e+00 4.467968399980947608e-02
-1.125594262360334774e+00 1.405788000000000000e+06 7.292574358356757089e+06 -1.125765352247723783e+00 4.406827294338561823e-02
-1.125594262360334774e+00 1.405788000000000000e+06 7.292574358356757089e+06 -1.125536070734439509e+00 4.436741416009700595e-02
-1.125594262360334774e+00 1.405788000000000000e+06 7.292574358356757089e+06 -1.125845693095698152e+00 4.406061704242956317e-02
-1.125594262360334774e+00 1.405788000000000000e+06 7.292574358356757089e+06 -1.125467234892897794e+00 4.447575175001493991e-02
-1.125594262360334774e+00 1.277988000000000000e+06 7.292574358356757089e+06 -1.125942766133200879e+00 4.317751653094038106e-02
-1.125594262360334774e+00 1.405788000000000000e+06 7.292574358356757089e+06 -1.125887632847646813e+00 4.368110173478068070e-02
-1.125594262360334774e+00 1.405788000000000000e+06 7.292574358356757089e+06 -1.126027243941210232e+00 4.382334878253770633e-02
-1.125594262360334774e+00 1.405788000000000000e+06 7.292574358356757089e+06 -1.125372254568697938e+00 4.417242546597899278e-02
-1.125594262360334774e+00 1.405788000000000000e+06 7.292574358356757089e+06 -1.125493092134529860e+00 4.452608368727738186e-02
-1.125594262360334774e+00 1.405788000000000000e+06 7.292574358356757089e+06 -1.125639099782913100e+00 4.417716953978129135e-02
-1.125594262360334774e+00 1.277988000000000000e+06 7.292574358356757089e+06 -1.125901277480722440e+00 4.358595982728676044e-02
-1.125594262360334774e+00 1.405788000000000000e+06 7.292574358356757089e+06 -1.125218524276508925e+00 4.425699116004570832e-02
-1.125594262360334774e+00 1.405788000000000000e+06 7.292574358356757089e+06 -1.124817101302345357e+00 4.497650512855946858e-02
-1.125594262360334774e+00 1.277988000000000000e+06 7.292574358356757089e+06 -1.126222592234851216e+00 4.319351510747346246e-02
-1.125594262360334774e+00 1.405788000000000000e+06 7.292574358356757089e+06 -1.125300197188779716e+00 4.487518892813822935e-02
-1.125594262360334774e+00 1.277988000000000000e+06 7.292574358356757089e+06 -1.126049885448870969e+00 4.334636140913697422e-02
-1.125594262360334774e+00 1.277988000000000000e+06 7.292574358356757089e+06 -1.126283607361756367e+00 4.305627389346600858e-02
-1.125594262360334774e+00 1.405788000000000000e+06 7.292574358356757089e+06 -1.125449241568159842e+00 4.458108034362284061e-02
-1.125594262360334774e+00 1.405788000000000000e+06 7.292574358356757089e+06 -1.125552625293164466e+00 4.391226195256108661e-02
-1.125594262360334774e+00 1.405788000000000000e+06 7.292574358356757089e+06 -1.125661866089072705e+00 4.370349979622076969e-02
-1.125594262360334774e+00 1.405788000000000000e+06 7.292574358356757089e+06 -1.125534717756602854e+00 4.430310020215978695e-02
-1.125594262360334774e+00 1.405788000000000000e+06 7.292574358356757089e+06 -1.125863009931530323e+00 4.412036690873056416e-02
-1.125594262360334774e+00 1.277988000000000000e+06 7.292574358356757089e+06 -1.125514246147092168e+00 4.348298797700118901e-02
-1.125594262360334774e+00 1.405788000000000000e+06 7.292574358356757089e+06 -1.125861502022799776e+00 4.364758791386159908e-02
-1.125594262360334774e+00 1.405788000000000000e+06 7.292574358356757089e+06 -1.125741159126145474e+00 4.385127637086095459e-02
-1.125594262360334774e+00 1.405788000000000000e+06 7.292574358356757089e+06 -1.125616697116226028e+00 4.386004121400703670e-02
-1.125594262360334774e+00 1.405788000000000000e+06 7.292574358356757089e+06 -1.125526189301390811e+00 4.402554584765087237e-02
-1.125594262360334774e+00 1.405788000000000000e+06 7.292574358356757089e+06 -1.125647246245965238e+00 4.385784205285334775e-02
-1.125594262360334774e+00 1.405788000000000000e+06 7.292574358356757089e+06 -1.125471155540966661e+00 4.432318976038364389e-02
-1.125594262360334774e+00 1.405788000000000000e+06 7.292574358356757089e+06 -1.125905985543781407e+00 4.391491736764430859e-02
-1.125594262360334774e+00 1.277988000000000000e+06 7.292574358356757089e+06 -1.125709452674858113e+00 4.361970622278556892e-02
-1.125594262360334774e+00 1.405788000000000000e+06 7.292574358356757089e+06 -1.126158292008200279e+00 4.371973279546371993e-02
-1.125594262360334774e+00 1.405788000000000000e+06 7.292574358356757089e+06 -1.125928325043052736e+00 4.422358293588572742e-02
-1.125594262360334774e+00 1.277988000000000000e+06 7.292574358356757089e+06 -1.125580339725439138e+00 4.361698169035066464e-02
-1.125594262360334774e+00 1.277988000000000000e+06 7.292574358356757089e+06 -1.126041456731230683e+00 4.333718284866613923e-02
-1.125594262360334774e+00 1.277988000000000000e+06 7.292574358356757089e+06 -1.126053118343080861e+00 4.339986655971964091e-02
-1.125594262360334774e+00 1.405788000000000000e+06 7.292574358356757089e+06 -1.125178901232344986e+00 4.511739438713711914e-02
-1.125594262360334774e+00 1.405788000000000000e+06 7.292574358356757089e+06 -1.125296492931807002e+00 4.456736327489032451e-02
-1.125594262360334774e+00 1.405788000000000000e+06 7.292574358356757089e+06 -1.125562921582506481e+00 4.382353318001528525e-02
-1.125594262360334774e+00 1.405788000000000000e+06 7.292574358356757089e+06 -1.125243850997175166e+00 4.510589130138394076e-02
-1.125594262360334774e+00 1.405788000000000000e+06 7.292574358356757089e+06 -1.125354842981748371e+00 4.401037239880838114e-02
-1.125594262360334774e+00 1.405788000000000000e+06 7.292574358356757089e+06 -1.125250685029054010e+00 4.445350636782385151e-02
-1.125594262360334774e+00 1.405788000000000000e+06 7.292574358356757089e+06 -1.125536706676693699e+00 4.449275913115443432e-02
-1.125594262360334774e+00 1.405788000000000000e+06 7.292574358356757089e+06 -1.125345015753175026e+00 4.421148625074671629e-02
-1.125594262360334774e+00 1.405788000000000000e+06 7.292574358356757089e+06 -1.125844723390453384e+00 4.376510412651171689e-02
-1.125594262360334774e+00 1.277988000000000000e+06 7.292574358356757089e+06 -1.125689178775570953e+00 4.357372952489103196e-02
-1.125594262360334774e+00 1.277988000000000000e+06 7.292574358356757089e+06 -1.125791188184108282e+00 4.327919002467638110e-02
-1.125594262360334774e+00 1.405788000000000000e+06 7.292574358356757089e+06 -1.125592932508759247e+00 4.382596544801663913e-02
-1.125594262360334774e+00 1.405788000000000000e+06 7.292574358356757089e+06 -1.125885905560172429e+00 4.385515201176128780e-02
-1.125594262360334774e+00 1.405788000000000000e+06 7.292574358356757089e+06 -1.125540210761240667e+00 4.368768105499381410e-02
-1.125594262360334774e+00 1.277988000000000000e+06 7.292574358356757089e+06 -1.126086431331934756e+00 4.304027335628429068e-02
-1.125594262360334774e+00 1.405788000000000000e+06 7.292574358356757089e+06 -1.125991735315442277e+00 4.377245757823353123e-02
-1.125594262360334774e+00 1.405788000000000000e+06 7.292574358356757089e+06 -1.125128652403934115e+00 4.472566371570676352e-02
-1.125594262360334774e+00 1.405788000000000000e+06 7.292574358356757089e+06 -1.125565672779689663e+00 4.445618504761260359e-02
-1.125594262360334774e+00 1.405788000000000000e+06 7.292574358356757089e+06 -1.125041895368023459e+00 4.462775631389455377e-02
-1.125594262360334774e+00 1.277988000000000000e+06 7.292574358356757089e+06 -1.126146145038165569e+00 4.310039491050300653e-02
-1.125594262360334774e+00 1.405788000000000000e+06 7.292574358356757089e+06 -1.125906668007996325e+00 4.370446723743255657e-02
-1.125594262360334774e+00 1.405788000000000000e+06 7.292574358356757089e+06 -1.125664519547486364e+00 4.412019429004063187e-02
-1.125594262360334774e+00 1.277988000000000000e+06 7.292574358356757089e+06 -1.125967858857069404e+00 4.345575996883457859e-02
-1.125594262360334774e+00 1.405788000000000000e+06 7.292574358356757089e+06 -1.125557389311633738e+00 4.367452607181761259e-02
-1.125594262360334774e+00 1.405788000000000000e+06 7.292574358356757089e+06 -1.125779752712086523e+00 4.442902442821144993e-02
-1.125594262360334774e+00 1.405788000000000000e+06 7.292574358356757089e+06 -1.125411634332929900e+00 4.458922406609316241e-02
-1.125594262360334774e+00 1.405788000000000000e+06 7.292574358356757089e+06 -1.125663767940557447e+00 4.443893558592144910e-02
-1.125594262360334774e+00 1.405788000000000000e+06 7.292574358356757089e+06 -1.125697204845697019e+00 4.390017332404050343e-02
-1.125594262360334774e+00 1.405788000000000000e+06 7.292574358356757089e+06 -1.125572374501436546e+00 4.377827329062959627e-02
-1.125594262360334774e+00 1.405788000000000000e+06 7.292574358356757089e+06 -1.125687619616634105e+00 4.400999489840155127e-02
-1.125594262360334774e+00 1.405788000000000000e+06 7.292574358356757089e+06 -1.125880065134729602e+00 4.381452976608816996e-02
-1.125594262360334774e+00 1.405788000000000000e+06 7.292574358356757089e+06 -1.125961274961530423e+00 4.415078944743261458e-02
-1.125594262360334774e+00 1.405788000000000000e+06 7.292574358356757089e+06 -1.125642804039884259e+00 4.450822825229588942e-02
-1.125594262360334774e+00 1.405788000000000000e+06 7.292574358356757089e+06 -1.125227084315429504e+00 4.471844684321614471e-02
-1.125594262360334774e+00 1.405788000000000000e+06 7.292574358356757089e+06 -1.125486745089318008e+00 4.449693186694376329e-02
-1.125594262360334774e+00 1.277988000000000000e+06 7.292574358356757089e+06 -1.125584316758087677e+00 4.354365609995409364e-02
-1.125594262360334774e+00 1.405788000000000000e+06 7.292574358356757089e+06 -1.125620064622563810e+00 4.408691267612446785e-02
-1.125594262360334774e+00 1.277988000000000000e+06 7.292574358356757089e+06 -1.125963470083470419e+00 4.361343037663668876e-02
