# Energy,SamplesEBS,SamplesHoeffding,E_estim,Var_estim
-9.534512612030399126e-01 4.479270000000000000e+05 1.514764524236470461e+06 -9.536397122741318011e-01 1.409433991005208664e-02
-9.534512612030399126e-01 4.927200000000000000e+05 1.514764524236470461e+06 -9.532967717972682387e-01 1.412626105692556776e-02
-9.534512612030399126e-01 4.927200000000000000e+05 1.514764524236470461e+06 -9.529868679979375257e-01 1.422020034849760285e-02
-9.534512612030399126e-01 4.927200000000000000e+05 1.514764524236470461e+06 -9.531359291279940527e-01 1.413878881667724602e-02
-9.534512612030399126e-01 4.927200000000000000e+05 1.514764524236470461e+06 -9.530561982463759962e-01 1.423834615950027131e-02
-9.534512612030399126e-01 4.479270000000000000e+05 1.514764524236470461e+06 -9.542293967539747790e-01 1.395587171653067324e-02
-9.534512612030399126e-01 4.479270000000000000e+05 1.514764524236470461e+06 -9.533491738605086585e-01 1.408540816600997031e-02
-9.534512612030399126e-01 4.479270000000000000e+05 1.514764524236470461e+06 -9.540139402175311645e-01 1.404274017992877821e-02
-9.534512612030399126e-01 4.927200000000000000e+05 1.514764524236470461e+06 -9.536157282025377047e-01 1.411606225568201416e-02
-9.534512612030399126e-01 4.927200000000000000e+05 1.514764524236470461e+06 -9.532609011202036742e-01 1.414412409940768098e-02
-9.534512612030399126e-01 4.479270000000000000e+05 1.514764524236470461e+06 -9.539805946054196184e-01 1.399963945652490070e-02
-9.534512612030399126e-01 4.927200000000000000e+05 1.514764524236470461e+06 -9.533799878226019153e-01 1.420922246569936154e-02
-9.534512612030399126e-01 4.927200000000000000e+05 1.514764524236470461e+06 -9.533246529468112351e-01 1.419295627092350721e-02
-9.534512612030399126e-01 4.927200000000000000e+05 1.514764524236470461e+06 -9.532163395030520681e-01 1.411953729182060038e-02
-9.534512612030399126e-01 4.927200000000000000e+05 1.514764524236470461e+06 -9.534003178274675916e-01 1.418973940673917862e-02
-9.534512612030399126e-01 4.927200000000000000e+05 1.514764524236470461e+06 -9.533273599609309867e-01 1.418168188028020096e-02
-9.534512612030399126e-01 4.927200000000000000e+05 1.514764524236470461e+06 -9.530825231367613393e-01 1.417983307688430207e-02
-9.534512612030399126e-01 4.927200000000000000e+05 1.514764524236470461e+06 -9.530083377982503379e-01 1.424584078995988143e-02
-9.534512612030399126e-01 4.479270000000000000e+05 1.514764524236470461e+06 -9.540653570778592218e-01 1.406602682334165237e-02
-9.534512612030399126e-01 4.479270000000000000e+05 1.514764524236470461e+06 -9.538100208288793347e-01 1.405845356341814401e-02
-9.534512612030399126e-01 4.927200000000000000e+05 1.514764524236470461e+06 -9.530022333170101723e-01 1.429612163335682896e-02
-9.534512612030399126e-01 4.927200000000000000e+05 1.514764524236470461e+06 -9.540610703847051122e-01 1.411226602872556017e-02
-9.534512612030399126e-01 4.927200000000000000e+05 1.514764524236470461e+06 -9.530853287870488799e-01 1.422778122424191681e-02
-9.534512612030399126e-01 4.927200000000000000e+05 1.514764524236470461e+06 -9.538287932293352256e-01 1.415652805458391186e-02
-9.534512612030399126e-01 4.479270000000000000e+05 1.514764524236470461e+06 -9.539666825170511899e-01 1.406494249831784053e-02
-9.534512612030399126e-01 4.479270000000000000e+05 1.514764524236470461e+06 -9.540314689666442582e-01 1.399043050245070766e-02
-9.534512612030399126e-01 4.927200000000000000e+05 1.514764524236470461e+06 -9.529984741840193951e-01 1.425374016097021718e-02
-9.534512612030399126e-01 4.927200000000000000e+05 1.514764524236470461e+06 -9.538042876277649240e-01 1.412658834832556352e-02
-9.534512612030399126e-01 4.927200000000000000e+05 1.514764524236470461e+06 -9.537330284947885817e-01 1.409969798667566783e-02
-9.534512612030399126e-01 4.927200000000000000e+05 1.514764524236470461e+06 -9.532709181684482225e-01 1.422473648021166555e-02
-9.534512612030399126e-01 4.927200000000000000e+05 1.514764524236470461e+06 -9.534011726740280190e-01 1.411518340305373785e-02
-9.534512612030399126e-01 4.927200000000000000e+05 1.514764524236470461e+06 -9.531697613247905876e-01 1.413546773216253077e-02
-9.534512612030399126e-01 4.927200000000000000e+05 1.514764524236470461e+06 -9.532627423282022949e-01 1.412087553341708976e-02
-9.534512612030399126e-01 4.927200000000000000e+05 1.514764524236470461e+06 -9.535022199219725936e-01 1.416093409135858044e-02
-9.534512612030399126e-01 4.927200000000000000e+05 1.514764524236470461e+06 -9.537189454455965443e-01 1.413493920694436704e-02
-9.534512612030399126e-01 4.927200000000000000e+05 1.514764524236470461e+06 -9.536262384314687646e-01 1.415058254183291023e-02
-9.534512612030399126e-01 4.927200000000000000e+05 1.514764524236470461e+06 -9.534238041888829507e-01 1.420503962819484600e-02
-9.534512612030399126e-01 4.927200000000000000e+05 1.514764524236470461e+06 -9.527629639550749818e-01 1.426427468942933346e-02
-9.534512612030399126e-01 4.927200000000000000e+05 1.514764524236470461e+06 -9.532328117388255695e-01 1.413887411697317166e-02
-9.534512612030399126e-01 4.479270000000000000e+05 1.514764524236470461e+06 -9.538321789037503828e-01 1.402016523905765151e-02
-9.534512612030399126e-01 4.927200000000000000e+05 1.514764524236470461e+06 -9.533441171455473429e-01 1.418949691228010845e-02
-9.534512612030399126e-01 4.927200000000000000e+05 1.514764524236470461e+06 -9.534243740866055195e-01 1.414022701468987259e-02
-9.534512612030399126e-01 4.927200000000000000e+05 1.514764524236470461e+06 -9.536258658060405846e-01 1.414707116334652272e-02
-9.534512612030399126e-01 4.927200000000000000e+05 1.514764524236470461e+06 -9.531852800778474188e-01 1.421108739442587462e-02
-9.534512612030399126e-01 4.479270000000000000e+05 1.514764524236470461e+06 -9.538632580751406076e-01 1.407557233642824264e-02
-9.534512612030399126e-01 4.927200000000000000e+05 1.514764524236470461e+06 -9.533154469068614301e-01 1.413131906557613983e-02
-9.534512612030399126e-01 4.927200000000000000e+05 1.514764524236470461e+06 -9.533148112517356720e-01 1.413884332351119343e-02
-9.534512612030399126e-01 4.927200000000000000e+05 1.514764524236470461e+06 -9.535969215780825126e-01 1.408586101451891545e-02
-9.534512612030399126e-01 4.927200000000000000e+05 1.514764524236470461e+06 -9.536122978567035391e-01 1.412243149508215362e-02
-9.534512612030399126e-01 4.927200000000000000e+05 1.514764524236470461e+06 -9.534995457865654833e-01 1.412852662160728363e-02
-9.534512612030399126e-01 4.479270000000000000e+05 1.514764524236470461e+06 -9.536216771925105640e-01 1.406574709593319886e-02
-9.534512612030399126e-01 4.479270000000000000e+05 1.514764524236470461e+06 -9.537679590643590721e-01 1.407520515817075463e-02
-9.534512612030399126e-01 4.927200000000000000e+05 1.514764524236470461e+06 -9.535423757914248677e-01 1.413614632500798975e-02
-9.534512612030399126e-01 4.927200000000000000e+05 1.514764524236470461e+06 -9.533175511445659556e-01 1.415763696251834403e-02
-9.534512612030399126e-01 4.927200000000000000e+05 1.514764524236470461e+06 -9.527650681927816168e-01 1.416242423680873046e-02
-9.534512612030399126e-01 4.927200000000000000e+05 1.514764524236470461e+06 -9.535612262541730555e-01 1.419689562747588306e-02
-9.534512612030399126e-01 4.927200000000000000e+05 1.514764524236470461e+06 -9.534486495371641279e-01 1.421824905582984994e-02
-9.534512612030399126e-01 4.927200000000000000e+05 1.514764524236470461e+06 -9.534926412565998266e-01 1.411631431308188640e-02
-9.534512612030399126e-01 4.927200000000000000e+05 1.514764524236470461e+06 -9.539795750120879658e-01 1.411423141009340333e-02
-9.534512612030399126e-01 4.479270000000000000e+05 1.514764524236470461e+06 -9.538709977291403019e-01 1.408724631809068345e-02
-9.534512612030399126e-01 4.479270000000000000e+05 1.514764524236470461e+06 -9.537274042418170117e-01 1.407826842285800004e-02
-9.534512612030399126e-01 4.927200000000000000e+05 1.514764524236470461e+06 -9.532261811981486144e-01 1.418208514555542241e-02
-9.534512612030399126e-01 4.479270000000000000e+05 1.514764524236470461e+06 -9.536061978845142839e-01 1.409231986165843456e-02
-9.534512612030399126e-01 4.927200000000000000e+05 1.514764524236470461e+06 -9.529794045298524141e-01 1.418235283004514596e-02
-9.534512612030399126e-01 4.927200000000000000e+05 1.514764524236470461e+06 -9.532390367753617033e-01 1.412094013333985675e-02
-9.534512612030399126e-01 4.479270000000000000e+05 1.514764524236470461e+06 -9.537806173769649565e-01 1.404692937971647147e-02
-9.534512612030399126e-01 4.927200000000000000e+05 1.514764524236470461e+06 -9.535081271309221451e-01 1.421381096105013737e-02
-9.534512612030399126e-01 4.927200000000000000e+05 1.514764524236470461e+06 -9.532229152458815413e-01 1.419873707752845014e-02
-9.534512612030399126e-01 4.479270000000000000e+05 1.514764524236470461e+06 -9.538532278693118149e-01 1.408062324575261662e-02
-9.534512612030399126e-01 4.927200000000000000e+05 1.514764524236470461e+06 -9.534596310276636233e-01 1.414873689699551289e-02
-9.534512612030399126e-01 4.927200000000000000e+05 1.514764524236470461e+06 -9.533593071114506712e-01 1.413139143463555160e-02
-9.534512612030399126e-01 4.927200000000000000e+05 1.514764524236470461e+06 -9.536138431562575235e-01 1.417679244543756933e-02
-9.534512612030399126e-01 4.479270000000000000e+05 1.514764524236470461e+06 -9.535298260649930358e-01 1.407784127967424970e-02
-9.534512612030399126e-01 4.927200000000000000e+05 1.514764524236470461e+06 -9.534189490987857729e-01 1.419078759580019028e-02
-9.534512612030399126e-01 4.927200000000000000e+05 1.514764524236470461e+06 -9.536387323428074936e-01 1.415356187487811467e-02
-9.534512612030399126e-01 4.927200000000000000e+05 1.514764524236470461e+06 -9.533419690695519311e-01 1.419668073665310802e-02
-9.534512612030399126e-01 4.927200000000000000e+05 1.514764524236470461e+06 -9.535556916706274810e-01 1.415026254104949539e-02
-9.534512612030399126e-01 4.479270000000000000e+05 1.514764524236470461e+06 -9.535341419468297275e-01 1.405018491282828547e-02
-9.534512612030399126e-01 4.479270000000000000e+05 1.514764524236470461e+06 -9.535262937929916971e-01 1.403309037334370298e-02
-9.534512612030399126e-01 4.927200000000000000e+05 1.514764524236470461e+06 -9.534094581099830101e-01 1.411093451754946888e-02
-9.534512612030399126e-01 4.927200000000000000e+05 1.514764524236470461e+06 -9.538177021431112346e-01 1.411437682458391990e-02
-9.534512612030399126e-01 4.927200000000000000e+05 1.514764524236470461e+06 -9.534447150510519942e-01 1.412545408637795943e-02
-9.534512612030399126e-01 4.927200000000000000e+05 1.514764524236470461e+06 -9.537864783243066302e-01 1.414513349381714413e-02
-9.534512612030399126e-01 4.927200000000000000e+05 1.514764524236470461e+06 -9.534978908912743467e-01 1.413027153641600517e-02
-9.534512612030399126e-01 4.479270000000000000e+05 1.514764524236470461e+06 -9.535414234904845410e-01 1.409036183144818724e-02
-9.534512612030399126e-01 4.927200000000000000e+05 1.514764524236470461e+06 -9.531273258644918922e-01 1.413059042493880306e-02
-9.534512612030399126e-01 4.927200000000000000e+05 1.514764524236470461e+06 -9.536272576715917326e-01 1.416655797692919702e-02
-9.534512612030399126e-01 4.927200000000000000e+05 1.514764524236470461e+06 -9.535566561129140695e-01 1.416455545347703425e-02
-9.534512612030399126e-01 4.927200000000000000e+05 1.514764524236470461e+06 -9.530562530442071578e-01 1.417244333975553952e-02
-9.534512612030399126e-01 4.927200000000000000e+05 1.514764524236470461e+06 -9.533499585970770518e-01 1.414632128933892077e-02
-9.534512612030399126e-01 4.479270000000000000e+05 1.514764524236470461e+06 -9.535774213204825100e-01 1.406568310099076853e-02
-9.534512612030399126e-01 4.927200000000000000e+05 1.514764524236470461e+06 -9.532441000973342904e-01 1.412600748411156973e-02
-9.534512612030399126e-01 4.927200000000000000e+05 1.514764524236470461e+06 -9.537620275206040166e-01 1.418240095532049237e-02
-9.534512612030399126e-01 4.927200000000000000e+05 1.514764524236470461e+06 -9.531751315147609649e-01 1.424455550914890956e-02
-9.534512612030399126e-01 4.927200000000000000e+05 1.514764524236470461e+06 -9.535145932780322298e-01 1.410080456105322622e-02
-9.534512612030399126e-01 4.927200000000000000e+05 1.514764524236470461e+06 -9.539052143204235223e-01 1.416326401216801145e-02
-9.534512612030399126e-01 4.479270000000000000e+05 1.514764524236470461e+06 -9.532874977391729843e-01 1.408726629833664118e-02
-9.534512612030399126e-01 4.479270000000000000e+05 1.514764524236470461e+06 -9.537633659051959478e-01 1.409425238178024266e-02
-9.534512612030399126e-01 4.927200000000000000e+05 1.514764524236470461e+06 -9.533921858255167692e-01 1.418037564142054889e-02
-9.534512612030399126e-01 4.927200000000000000e+05 1.514764524236470461e+06 -9.536248794446261501e-01 1.411880164673188012e-02
