# Energy,SamplesEBS,SamplesHoeffding,E_estim,Var_estim
-1.138944744265075082e+00 1.405788000000000000e+06 6.609522146899549291e+06 -1.139131275548181499e+00 4.479926788616504091e-02
-1.138944744265075082e+00 1.405788000000000000e+06 6.609522146899549291e+06 -1.138522494850110700e+00 4.567902177932271074e-02
-1.138944744265075082e+00 1.405788000000000000e+06 6.609522146899549291e+06 -1.138665174685187909e+00 4.537826484714035935e-02
-1.138944744265075082e+00 1.405788000000000000e+06 6.609522146899549291e+06 -1.138152283836777912e+00 4.610905731090866183e-02
-1.138944744265075082e+00 1.405788000000000000e+06 6.609522146899549291e+06 -1.138913729517033735e+00 4.513200358029863940e-02
-1.138944744265075082e+00 1.405788000000000000e+06 6.609522146899549291e+06 -1.138583712615491406e+00 4.548399252568186002e-02
-1.138944744265075082e+00 1.405788000000000000e+06 6.609522146899549291e+06 -1.139344592349804897e+00 4.481228384358998396e-02
-1.138944744265075082e+00 1.405788000000000000e+06 6.609522146899549291e+06 -1.139043833487208834e+00 4.490266192035793219e-02
-1.138944744265075082e+00 1.405788000000000000e+06 6.609522146899549291e+06 -1.138758680391535050e+00 4.507557041641987311e-02
-1.138944744265075082e+00 1.405788000000000000e+06 6.609522146899549291e+06 -1.138431407004710127e+00 4.570073207442787444e-02
-1.138944744265075082e+00 1.405788000000000000e+06 6.609522146899549291e+06 -1.138788214147712141e+00 4.557106849682381056e-02
-1.138944744265075082e+00 1.405788000000000000e+06 6.609522146899549291e+06 -1.138349332894002863e+00 4.531188914828750136e-02
-1.138944744265075082e+00 1.405788000000000000e+06 6.609522146899549291e+06 -1.139068190929435564e+00 4.473033902433198872e-02
-1.138944744265075082e+00 1.405788000000000000e+06 6.609522146899549291e+06 -1.138747906505351182e+00 4.520089471658170904e-02
-1.138944744265075082e+00 1.405788000000000000e+06 6.609522146899549291e+06 -1.138997069110220695e+00 4.465803302010303705e-02
-1.138944744265075082e+00 1.405788000000000000e+06 6.609522146899549291e+06 -1.138687312731578860e+00 4.510427817448038612e-02
-1.138944744265075082e+00 1.405788000000000000e+06 6.609522146899549291e+06 -1.138578575567790852e+00 4.552607953715126499e-02
-1.138944744265075082e+00 1.405788000000000000e+06 6.609522146899549291e+06 -1.139615112371316519e+00 4.443596575127897741e-02
-1.138944744265075082e+00 1.405788000000000000e+06 6.609522146899549291e+06 -1.138802300055411276e+00 4.483209847540092774e-02
-1.138944744265075082e+00 1.277988000000000000e+06 6.609522146899549291e+06 -1.139532259451971230e+00 4.391490052793553533e-02
-1.138944744265075082e+00 1.405788000000000000e+06 6.609522146899549291e+06 -1.138906144731861581e+00 4.472002526093393077e-02
-1.138944744265075082e+00 1.405788000000000000e+06 6.609522146899549291e+06 -1.139025260131891759e+00 4.481448652887921186e-02
-1.138944744265075082e+00 1.405788000000000000e+06 6.609522146899549291e+06 -1.138990798890232137e+00 4.535205702017464785e-02
-1.138944744265075082e+00 1.405788000000000000e+06 6.609522146899549291e+06 -1.139279811173733892e+00 4.494277706199430178e-02
-1.138944744265075082e+00 1.405788000000000000e+06 6.609522146899549291e+06 -1.138903047394282053e+00 4.481560142180097267e-02
-1.138944744265075082e+00 1.405788000000000000e+06 6.609522146899549291e+06 -1.139012896389968610e+00 4.503921424049490974e-02
-1.138944744265075082e+00 1.405788000000000000e+06 6.609522146899549291e+06 -1.138635597821515466e+00 4.552253325142865265e-02
-1.138944744265075082e+00 1.405788000000000000e+06 6.609522146899549291e+06 -1.139408325288214563e+00 4.459706844605985238e-02
-1.138944744265075082e+00 1.405788000000000000e+06 6.609522146899549291e+06 -1.138772598990965834e+00 4.534831040760481380e-02
-1.138944744265075082e+00 1.405788000000000000e+06 6.609522146899549291e+06 -1.138850061453298146e+00 4.544929418877504540e-02
-1.138944744265075082e+00 1.405788000000000000e+06 6.609522146899549291e+06 -1.138724466271111568e+00 4.529511451027012220e-02
-1.138944744265075082e+00 1.405788000000000000e+06 6.609522146899549291e+06 -1.139025718095716178e+00 4.510651550584410946e-02
-1.138944744265075082e+00 1.405788000000000000e+06 6.609522146899549291e+06 -1.139536985370675382e+00 4.462229601783793825e-02
-1.138944744265075082e+00 1.405788000000000000e+06 6.609522146899549291e+06 -1.139482518836616443e+00 4.476834421921155327e-02
-1.138944744265075082e+00 1.405788000000000000e+06 6.609522146899549291e+06 -1.138821018098250537e+00 4.554368136286652408e-02
-1.138944744265075082e+00 1.405788000000000000e+06 6.609522146899549291e+06 -1.138964343692144832e+00 4.545765578958328723e-02
-1.138944744265075082e+00 1.405788000000000000e+06 6.609522146899549291e+06 -1.138802242009672172e+00 4.508853061002467133e-02
-1.138944744265075082e+00 1.405788000000000000e+06 6.609522146899549291e+06 -1.138910076903713042e+00 4.481457095508276089e-02
-1.138944744265075082e+00 1.405788000000000000e+06 6.609522146899549291e+06 -1.138978772752559099e+00 4.511059356521666258e-02
-1.138944744265075082e+00 1.405788000000000000e+06 6.609522146899549291e+06 -1.139003900154452520e+00 4.519071611090991897e-02
-1.138944744265075082e+00 1.405788000000000000e+06 6.609522146899549291e+06 -1.138181254207841775e+00 4.583554739562531455e-02
-1.138944744265075082e+00 1.405788000000000000e+06 6.609522146899549291e+06 -1.138936080966910458e+00 4.482688048144790882e-02
-1.138944744265075082e+00 1.405788000000000000e+06 6.609522146899549291e+06 -1.138674653212520038e+00 4.546688718767033510e-02
-1.138944744265075082e+00 1.405788000000000000e+06 6.609522146899549291e+06 -1.139381132567855115e+00 4.478921124755582545e-02
-1.138944744265075082e+00 1.405788000000000000e+06 6.609522146899549291e+06 -1.138689752359768326e+00 4.558541507312453833e-02
-1.138944744265075082e+00 1.405788000000000000e+06 6.609522146899549291e+06 -1.138628068521236658e+00 4.558196793277870945e-02
-1.138944744265075082e+00 1.405788000000000000e+06 6.609522146899549291e+06 -1.138570497820701410e+00 4.554772442067124560e-02
-1.138944744265075082e+00 1.405788000000000000e+06 6.609522146899549291e+06 -1.139004252696915076e+00 4.503337970026310977e-02
-1.138944744265075082e+00 1.277988000000000000e+06 6.609522146899549291e+06 -1.139356197235381618e+00 4.420398233981396446e-02
-1.138944744265075082e+00 1.405788000000000000e+06 6.609522146899549291e+06 -1.138515778616926877e+00 4.530034530700592643e-02
-1.138944744265075082e+00 1.405788000000000000e+06 6.609522146899549291e+06 -1.138966730396279603e+00 4.486534510587406738e-02
-1.138944744265075082e+00 1.405788000000000000e+06 6.609522146899549291e+06 -1.138917560535647633e+00 4.586208442671637492e-02
-1.138944744265075082e+00 1.405788000000000000e+06 6.609522146899549291e+06 -1.139076817123421348e+00 4.489897861606427509e-02
-1.138944744265075082e+00 1.405788000000000000e+06 6.609522146899549291e+06 -1.138848864686785145e+00 4.571904551082612428e-02
-1.138944744265075082e+00 1.405788000000000000e+06 6.609522146899549291e+06 -1.139022450462175096e+00 4.473211703500281494e-02
-1.138944744265075082e+00 1.405788000000000000e+06 6.609522146899549291e+06 -1.139020451298724756e+00 4.474685893303678025e-02
-1.138944744265075082e+00 1.405788000000000000e+06 6.609522146899549291e+06 -1.139417787596889386e+00 4.474255139123672204e-02
-1.138944744265075082e+00 1.405788000000000000e+06 6.609522146899549291e+06 -1.138555298800594473e+00 4.571439119831124942e-02
-1.138944744265075082e+00 1.405788000000000000e+06 6.609522146899549291e+06 -1.139091497573086142e+00 4.527620103126175216e-02
-1.138944744265075082e+00 1.405788000000000000e+06 6.609522146899549291e+06 -1.139225427013367264e+00 4.489873837603240714e-02
-1.138944744265075082e+00 1.405788000000000000e+06 6.609522146899549291e+06 -1.138989079285287698e+00 4.503370648341190052e-02
-1.138944744265075082e+00 1.405788000000000000e+06 6.609522146899549291e+06 -1.138800972259218280e+00 4.496566675759929715e-02
-1.138944744265075082e+00 1.405788000000000000e+06 6.609522146899549291e+06 -1.138388788202998825e+00 4.557782600602966472e-02
-1.138944744265075082e+00 1.405788000000000000e+06 6.609522146899549291e+06 -1.138346119464899164e+00 4.580264932108403519e-02
-1.138944744265075082e+00 1.405788000000000000e+06 6.609522146899549291e+06 -1.139434353679451561e+00 4.467684225622121225e-02
-1.138944744265075082e+00 1.405788000000000000e+06 6.609522146899549291e+06 -1.138632624684786654e+00 4.536731566969354895e-02
-1.138944744265075082e+00 1.405788000000000000e+06 6.609522146899549291e+06 -1.138878722389394804e+00 4.491272040284084721e-02
-1.138944744265075082e+00 1.405788000000000000e+06 6.609522146899549291e+06 -1.138949598367852145e+00 4.512670813494379374e-02
-1.138944744265075082e+00 1.405788000000000000e+06 6.609522146899549291e+06 -1.138480721552852737e+00 4.528341497651974801e-02
-1.138944744265075082e+00 1.405788000000000000e+06 6.609522146899549291e+06 -1.139147988879059881e+00 4.490349147732004137e-02
-1.138944744265075082e+00 1.405788000000000000e+06 6.609522146899549291e+06 -1.139007505392218622e+00 4.499860123297066278e-02
-1.138944744265075082e+00 1.405788000000000000e+06 6.609522146899549291e+06 -1.138037534244370930e+00 4.617423479531857639e-02
-1.138944744265075082e+00 1.405788000000000000e+06 6.609522146899549291e+06 -1.138955816090545081e+00 4.509020917457148836e-02
-1.138944744265075082e+00 1.405788000000000000e+06 6.609522146899549291e+06 -1.139167709064469181e+00 4.485272556009537587e-02
-1.138944744265075082e+00 1.405788000000000000e+06 6.609522146899549291e+06 -1.139048601773744451e+00 4.474543057103314014e-02
-1.138944744265075082e+00 1.405788000000000000e+06 6.609522146899549291e+06 -1.138499195035282741e+00 4.547449510348301055e-02
-1.138944744265075082e+00 1.405788000000000000e+06 6.609522146899549291e+06 -1.139034918344933978e+00 4.490902920851837926e-02
-1.138944744265075082e+00 1.405788000000000000e+06 6.609522146899549291e+06 -1.138922701424611272e+00 4.495405801151661912e-02
-1.138944744265075082e+00 1.405788000000000000e+06 6.609522146899549291e+06 -1.139373315599687686e+00 4.493892901745324270e-02
-1.138944744265075082e+00 1.405788000000000000e+06 6.609522146899549291e+06 -1.138947156178804043e+00 4.523014969843992816e-02
-1.138944744265075082e+00 1.405788000000000000e+06 6.609522146899549291e+06 -1.139691118568570749e+00 4.428835262834073666e-02
-1.138944744265075082e+00 1.405788000000000000e+06 6.609522146899549291e+06 -1.138719368489663930e+00 4.579640363779277634e-02
-1.138944744265075082e+00 1.405788000000000000e+06 6.609522146899549291e+06 -1.138886365220294072e+00 4.520272758327365664e-02
-1.138944744265075082e+00 1.405788000000000000e+06 6.609522146899549291e+06 -1.138896057151044916e+00 4.515218580094821493e-02
-1.138944744265075082e+00 1.405788000000000000e+06 6.609522146899549291e+06 -1.139219044543198445e+00 4.493331873383657471e-02
-1.138944744265075082e+00 1.405788000000000000e+06 6.609522146899549291e+06 -1.138768435916578836e+00 4.557801450502425855e-02
-1.138944744265075082e+00 1.405788000000000000e+06 6.609522146899549291e+06 -1.139066024457666693e+00 4.553129005337940710e-02
-1.138944744265075082e+00 1.405788000000000000e+06 6.609522146899549291e+06 -1.138931139823575078e+00 4.510414431884377656e-02
-1.138944744265075082e+00 1.405788000000000000e+06 6.609522146899549291e+06 -1.139158475097443279e+00 4.504560849038492104e-02
-1.138944744265075082e+00 1.405788000000000000e+06 6.609522146899549291e+06 -1.138934056195054945e+00 4.533321950219563329e-02
-1.138944744265075082e+00 1.277988000000000000e+06 6.609522146899549291e+06 -1.139420354175813666e+00 4.430270655212557168e-02
-1.138944744265075082e+00 1.405788000000000000e+06 6.609522146899549291e+06 -1.138433954615009069e+00 4.589067123095379869e-02
-1.138944744265075082e+00 1.277988000000000000e+06 6.609522146899549291e+06 -1.139478806837361580e+00 4.432483280955028943e-02
-1.138944744265075082e+00 1.405788000000000000e+06 6.609522146899549291e+06 -1.138270506356829248e+00 4.613145268681877187e-02
-1.138944744265075082e+00 1.405788000000000000e+06 6.609522146899549291e+06 -1.138944449369501344e+00 4.592083986532646128e-02
-1.138944744265075082e+00 1.405788000000000000e+06 6.609522146899549291e+06 -1.138688433953250811e+00 4.547672195323078370e-02
-1.138944744265075082e+00 1.405788000000000000e+06 6.609522146899549291e+06 -1.139067452126690139e+00 4.511734665309409531e-02
-1.138944744265075082e+00 1.405788000000000000e+06 6.609522146899549291e+06 -1.138808802885123983e+00 4.532472960874126683e-02
-1.138944744265075082e+00 1.405788000000000000e+06 6.609522146899549291e+06 -1.138902832710408708e+00 4.533774523236497322e-02
-1.138944744265075082e+00 1.405788000000000000e+06 6.609522146899549291e+06 -1.138520218688971131e+00 4.535337802323856360e-02
