# Energy,SamplesEBS,SamplesHoeffding,E_estim,Var_estim
-6.129745446098809891e-01 1.405788000000000000e+06 1.452946666647843458e+07 -6.133500051184587187e-01 3.838520944284445902e-02
-6.129745446098809891e-01 1.405788000000000000e+06 1.452946666647843458e+07 -6.128487554278847504e-01 3.889785558220665296e-02
-6.129745446098809891e-01 1.405788000000000000e+06 1.452946666647843458e+07 -6.130840557718912898e-01 3.891543185265329552e-02
-6.129745446098809891e-01 1.405788000000000000e+06 1.452946666647843458e+07 -6.121651452391375647e-01 4.077735932479780584e-02
-6.129745446098809891e-01 1.405788000000000000e+06 1.452946666647843458e+07 -6.131828658343053684e-01 3.864053795654984885e-02
-6.129745446098809891e-01 1.405788000000000000e+06 1.452946666647843458e+07 -6.129864983877033602e-01 3.824860593736113812e-02
-6.129745446098809891e-01 1.405788000000000000e+06 1.452946666647843458e+07 -6.131565903219147184e-01 3.746178956006263744e-02
-6.129745446098809891e-01 1.405788000000000000e+06 1.452946666647843458e+07 -6.128926401387926326e-01 3.891512154610537316e-02
-6.129745446098809891e-01 1.405788000000000000e+06 1.452946666647843458e+07 -6.127465206670156261e-01 3.993113339885760726e-02
-6.129745446098809891e-01 1.405788000000000000e+06 1.452946666647843458e+07 -6.129813583523678888e-01 3.818485322361063472e-02
-6.129745446098809891e-01 1.405788000000000000e+06 1.452946666647843458e+07 -6.129753544598985915e-01 3.801502077677765962e-02
-6.129745446098809891e-01 1.405788000000000000e+06 1.452946666647843458e+07 -6.126706079404757865e-01 3.909880888977363550e-02
-6.129745446098809891e-01 1.405788000000000000e+06 1.452946666647843458e+07 -6.131369896424334609e-01 3.778572042913736634e-02
-6.129745446098809891e-01 1.405788000000000000e+06 1.452946666647843458e+07 -6.134685993873006948e-01 3.818895609967118410e-02
-6.129745446098809891e-01 1.405788000000000000e+06 1.452946666647843458e+07 -6.130802439595843811e-01 3.843899449227337201e-02
-6.129745446098809891e-01 1.405788000000000000e+06 1.452946666647843458e+07 -6.130019415413048289e-01 3.964923681821938550e-02
-6.129745446098809891e-01 1.405788000000000000e+06 1.452946666647843458e+07 -6.132934924721610281e-01 3.785420560551464031e-02
-6.129745446098809891e-01 1.277988000000000000e+06 1.452946666647843458e+07 -6.133578080504632490e-01 3.649705633065866012e-02
-6.129745446098809891e-01 1.405788000000000000e+06 1.452946666647843458e+07 -6.130254513450497100e-01 3.804310835509831790e-02
-6.129745446098809891e-01 1.405788000000000000e+06 1.452946666647843458e+07 -6.131420694980216357e-01 3.805143704542020971e-02
-6.129745446098809891e-01 1.405788000000000000e+06 1.452946666647843458e+07 -6.130385312689170529e-01 3.851119471879672213e-02
-6.129745446098809891e-01 1.405788000000000000e+06 1.452946666647843458e+07 -6.132255426817242450e-01 3.848007749419928014e-02
-6.129745446098809891e-01 1.405788000000000000e+06 1.452946666647843458e+07 -6.130419312125887643e-01 3.861096500308786039e-02
-6.129745446098809891e-01 1.405788000000000000e+06 1.452946666647843458e+07 -6.126517708185345024e-01 3.999387836571081933e-02
-6.129745446098809891e-01 1.405788000000000000e+06 1.452946666647843458e+07 -6.132546752394016920e-01 3.848372381307454959e-02
-6.129745446098809891e-01 1.405788000000000000e+06 1.452946666647843458e+07 -6.128159621475300911e-01 3.957880603951387938e-02
-6.129745446098809891e-01 1.405788000000000000e+06 1.452946666647843458e+07 -6.127597533877509051e-01 3.929166527456099539e-02
-6.129745446098809891e-01 1.405788000000000000e+06 1.452946666647843458e+07 -6.127249131415655192e-01 3.883168352167408466e-02
-6.129745446098809891e-01 1.405788000000000000e+06 1.452946666647843458e+07 -6.131625062921635116e-01 3.754768806619318555e-02
-6.129745446098809891e-01 1.405788000000000000e+06 1.452946666647843458e+07 -6.130839678496829981e-01 3.868307395187090686e-02
-6.129745446098809891e-01 1.405788000000000000e+06 1.452946666647843458e+07 -6.126909568124525585e-01 3.850699599363689024e-02
-6.129745446098809891e-01 1.405788000000000000e+06 1.452946666647843458e+07 -6.130147346509314810e-01 3.875186887368257949e-02
-6.129745446098809891e-01 1.405788000000000000e+06 1.452946666647843458e+07 -6.129225934461497438e-01 3.810964567756545962e-02
-6.129745446098809891e-01 1.405788000000000000e+06 1.452946666647843458e+07 -6.126883404862367710e-01 3.881912060115236957e-02
-6.129745446098809891e-01 1.405788000000000000e+06 1.452946666647843458e+07 -6.130872320687368315e-01 3.848387860487158946e-02
-6.129745446098809891e-01 1.405788000000000000e+06 1.452946666647843458e+07 -6.130762563028578915e-01 3.808529614311523259e-02
-6.129745446098809891e-01 1.405788000000000000e+06 1.452946666647843458e+07 -6.132534797533243376e-01 3.781770997440436766e-02
-6.129745446098809891e-01 1.405788000000000000e+06 1.452946666647843458e+07 -6.128053781903435304e-01 3.939780055870419073e-02
-6.129745446098809891e-01 1.405788000000000000e+06 1.452946666647843458e+07 -6.128477588338023807e-01 3.960362262486046003e-02
-6.129745446098809891e-01 1.405788000000000000e+06 1.452946666647843458e+07 -6.124711444367445523e-01 3.889094050654947482e-02
-6.129745446098809891e-01 1.405788000000000000e+06 1.452946666647843458e+07 -6.132796272236362700e-01 3.905788364986766820e-02
-6.129745446098809891e-01 1.405788000000000000e+06 1.452946666647843458e+07 -6.128111306935807301e-01 3.889456287494260506e-02
-6.129745446098809891e-01 1.405788000000000000e+06 1.452946666647843458e+07 -6.126490558999273528e-01 3.870428162001918887e-02
-6.129745446098809891e-01 1.277988000000000000e+06 1.452946666647843458e+07 -6.135827397399501448e-01 3.729628263967647850e-02
-6.129745446098809891e-01 1.405788000000000000e+06 1.452946666647843458e+07 -6.131187726708919872e-01 3.867258249622986671e-02
-6.129745446098809891e-01 1.405788000000000000e+06 1.452946666647843458e+07 -6.127395820674694793e-01 3.803272289911788923e-02
-6.129745446098809891e-01 1.405788000000000000e+06 1.452946666647843458e+07 -6.130160428140482010e-01 3.860576279635272168e-02
-6.129745446098809891e-01 1.405788000000000000e+06 1.452946666647843458e+07 -6.129379333124570506e-01 3.853701769639004959e-02
-6.129745446098809891e-01 1.405788000000000000e+06 1.452946666647843458e+07 -6.126798961119733766e-01 3.913550066357668333e-02
-6.129745446098809891e-01 1.405788000000000000e+06 1.452946666647843458e+07 -6.130508954376142627e-01 3.853596272835546621e-02
-6.129745446098809891e-01 1.405788000000000000e+06 1.452946666647843458e+07 -6.131410805864572211e-01 3.909317870218551733e-02
-6.129745446098809891e-01 1.405788000000000000e+06 1.452946666647843458e+07 -6.131718977509051927e-01 3.838623697745890267e-02
-6.129745446098809891e-01 1.405788000000000000e+06 1.452946666647843458e+07 -6.133204406322059210e-01 3.830270424910968419e-02
-6.129745446098809891e-01 1.405788000000000000e+06 1.452946666647843458e+07 -6.129476410350969129e-01 3.909086756043565758e-02
-6.129745446098809891e-01 1.277988000000000000e+06 1.452946666647843458e+07 -6.135681278656596183e-01 3.654114590250941152e-02
-6.129745446098809891e-01 1.405788000000000000e+06 1.452946666647843458e+07 -6.128819234446718500e-01 3.959094453018148496e-02
-6.129745446098809891e-01 1.405788000000000000e+06 1.452946666647843458e+07 -6.131728695901962345e-01 3.862492763611533736e-02
-6.129745446098809891e-01 1.405788000000000000e+06 1.452946666647843458e+07 -6.126774756901041119e-01 3.943717431210441715e-02
-6.129745446098809891e-01 1.405788000000000000e+06 1.452946666647843458e+07 -6.129739459971494941e-01 3.849305752590538587e-02
-6.129745446098809891e-01 1.405788000000000000e+06 1.452946666647843458e+07 -6.131690500953596024e-01 3.802351999908983038e-02
-6.129745446098809891e-01 1.405788000000000000e+06 1.452946666647843458e+07 -6.129028924670392175e-01 3.871343459174787088e-02
-6.129745446098809891e-01 1.277988000000000000e+06 1.452946666647843458e+07 -6.133182771628412633e-01 3.731930007040934472e-02
-6.129745446098809891e-01 1.405788000000000000e+06 1.452946666647843458e+07 -6.128365594210907208e-01 3.859863986871121116e-02
-6.129745446098809891e-01 1.405788000000000000e+06 1.452946666647843458e+07 -6.127180808169154780e-01 3.906423809073557990e-02
-6.129745446098809891e-01 1.405788000000000000e+06 1.452946666647843458e+07 -6.126954596250988594e-01 3.996137014398485482e-02
-6.129745446098809891e-01 1.405788000000000000e+06 1.452946666647843458e+07 -6.126822362941278799e-01 3.883693809608462083e-02
-6.129745446098809891e-01 1.405788000000000000e+06 1.452946666647843458e+07 -6.130713275369067405e-01 3.876606361485331054e-02
-6.129745446098809891e-01 1.405788000000000000e+06 1.452946666647843458e+07 -6.127317932685728552e-01 3.882463649039572667e-02
-6.129745446098809891e-01 1.405788000000000000e+06 1.452946666647843458e+07 -6.125313963381763260e-01 4.032048825457201779e-02
-6.129745446098809891e-01 1.405788000000000000e+06 1.452946666647843458e+07 -6.135253928725088457e-01 3.784088732225195789e-02
-6.129745446098809891e-01 1.405788000000000000e+06 1.452946666647843458e+07 -6.130539838122590623e-01 3.811308750463244382e-02
-6.129745446098809891e-01 1.405788000000000000e+06 1.452946666647843458e+07 -6.128628349334808156e-01 3.971862486777565787e-02
-6.129745446098809891e-01 1.405788000000000000e+06 1.452946666647843458e+07 -6.125091285424636434e-01 3.966774049222099308e-02
-6.129745446098809891e-01 1.277988000000000000e+06 1.452946666647843458e+07 -6.137691757628258582e-01 3.733195856478789543e-02
-6.129745446098809891e-01 1.405788000000000000e+06 1.452946666647843458e+07 -6.130550034538919668e-01 3.859408482190045120e-02
-6.129745446098809891e-01 1.405788000000000000e+06 1.452946666647843458e+07 -6.129875628440899504e-01 3.790989050023259310e-02
-6.129745446098809891e-01 1.405788000000000000e+06 1.452946666647843458e+07 -6.130419943799917393e-01 3.951336625003978170e-02
-6.129745446098809891e-01 1.405788000000000000e+06 1.452946666647843458e+07 -6.131302930423910835e-01 3.840021150448600512e-02
-6.129745446098809891e-01 1.405788000000000000e+06 1.452946666647843458e+07 -6.134769882766559768e-01 3.725775631933665039e-02
-6.129745446098809891e-01 1.405788000000000000e+06 1.452946666647843458e+07 -6.132869840939448869e-01 3.820830634166695605e-02
-6.129745446098809891e-01 1.405788000000000000e+06 1.452946666647843458e+07 -6.129806101598813672e-01 3.849314535354377009e-02
-6.129745446098809891e-01 1.405788000000000000e+06 1.452946666647843458e+07 -6.129672417145871632e-01 3.879582791217815047e-02
-6.129745446098809891e-01 1.405788000000000000e+06 1.452946666647843458e+07 -6.129102800674404161e-01 3.937795976661832842e-02
-6.129745446098809891e-01 1.405788000000000000e+06 1.452946666647843458e+07 -6.127080196981765647e-01 4.016441869892359295e-02
-6.129745446098809891e-01 1.405788000000000000e+06 1.452946666647843458e+07 -6.125671222086506162e-01 3.883129322940052919e-02
-6.129745446098809891e-01 1.277988000000000000e+06 1.452946666647843458e+07 -6.136200832830815965e-01 3.736617021077608125e-02
-6.129745446098809891e-01 1.405788000000000000e+06 1.452946666647843458e+07 -6.130819716738437064e-01 3.878773833706485735e-02
-6.129745446098809891e-01 1.405788000000000000e+06 1.452946666647843458e+07 -6.124045104919357829e-01 3.958839358539220643e-02
-6.129745446098809891e-01 1.405788000000000000e+06 1.452946666647843458e+07 -6.132309311186818768e-01 3.807650574820079653e-02
-6.129745446098809891e-01 1.405788000000000000e+06 1.452946666647843458e+07 -6.127761653929661989e-01 3.966473164800321527e-02
-6.129745446098809891e-01 1.405788000000000000e+06 1.452946666647843458e+07 -6.132344437393616454e-01 3.747891054840915559e-02
-6.129745446098809891e-01 1.405788000000000000e+06 1.452946666647843458e+07 -6.132221226781303658e-01 3.838731016707973981e-02
-6.129745446098809891e-01 1.405788000000000000e+06 1.452946666647843458e+07 -6.128981566178192120e-01 3.842836329070418999e-02
-6.129745446098809891e-01 1.405788000000000000e+06 1.452946666647843458e+07 -6.126946235103991611e-01 4.015357166665198957e-02
-6.129745446098809891e-01 1.405788000000000000e+06 1.452946666647843458e+07 -6.125900780170684401e-01 3.966586350547572637e-02
-6.129745446098809891e-01 1.405788000000000000e+06 1.452946666647843458e+07 -6.129875935741829762e-01 3.937798900960086390e-02
-6.129745446098809891e-01 1.405788000000000000e+06 1.452946666647843458e+07 -6.132394109179001296e-01 3.845384703730667098e-02
-6.129745446098809891e-01 1.405788000000000000e+06 1.452946666647843458e+07 -6.129221444452900291e-01 3.924310785017347952e-02
-6.129745446098809891e-01 1.405788000000000000e+06 1.452946666647843458e+07 -6.133480814998264474e-01 3.793474055541619372e-02
-6.129745446098809891e-01 1.405788000000000000e+06 1.452946666647843458e+07 -6.129967383385297452e-01 3.867100849948358621e-02
