# Energy,SamplesEBS,SamplesHoeffding,E_estim,Var_estim
-1.065391781025440077e+00 1.277988000000000000e+06 8.995529286151753739e+06 -1.065793890092179952e+00 4.158940128540660613e-02
-1.065391781025440077e+00 1.405788000000000000e+06 8.995529286151753739e+06 -1.065162359057158392e+00 4.213346718405917152e-02
-1.065391781025440077e+00 1.405788000000000000e+06 8.995529286151753739e+06 -1.065552541645151230e+00 4.173429731299573703e-02
-1.065391781025440077e+00 1.405788000000000000e+06 8.995529286151753739e+06 -1.065527070663751408e+00 4.200560528627749618e-02
-1.065391781025440077e+00 1.277988000000000000e+06 8.995529286151753739e+06 -1.066174574417867671e+00 4.026427689782863945e-02
-1.065391781025440077e+00 1.405788000000000000e+06 8.995529286151753739e+06 -1.065080758702050767e+00 4.242239303448033100e-02
-1.065391781025440077e+00 1.405788000000000000e+06 8.995529286151753739e+06 -1.065123063800680780e+00 4.246672102616591560e-02
-1.065391781025440077e+00 1.405788000000000000e+06 8.995529286151753739e+06 -1.065391559477136152e+00 4.178541388460380729e-02
-1.065391781025440077e+00 1.277988000000000000e+06 8.995529286151753739e+06 -1.065830131747040443e+00 4.105163689139328803e-02
-1.065391781025440077e+00 1.277988000000000000e+06 8.995529286151753739e+06 -1.065673364077858398e+00 4.162066326066527627e-02
-1.065391781025440077e+00 1.405788000000000000e+06 8.995529286151753739e+06 -1.065660614270615092e+00 4.223923597805633728e-02
-1.065391781025440077e+00 1.277988000000000000e+06 8.995529286151753739e+06 -1.065390927623052653e+00 4.182695160566960585e-02
-1.065391781025440077e+00 1.405788000000000000e+06 8.995529286151753739e+06 -1.065183747203865883e+00 4.240125596026148719e-02
-1.065391781025440077e+00 1.405788000000000000e+06 8.995529286151753739e+06 -1.065299594543592354e+00 4.220005870204231180e-02
-1.065391781025440077e+00 1.405788000000000000e+06 8.995529286151753739e+06 -1.065313827699662097e+00 4.234319377757390229e-02
-1.065391781025440077e+00 1.405788000000000000e+06 8.995529286151753739e+06 -1.065367035153419906e+00 4.232899965775293455e-02
-1.065391781025440077e+00 1.277988000000000000e+06 8.995529286151753739e+06 -1.065453245579076613e+00 4.163289798486514981e-02
-1.065391781025440077e+00 1.277988000000000000e+06 8.995529286151753739e+06 -1.065568004403105506e+00 4.143680109649258703e-02
-1.065391781025440077e+00 1.405788000000000000e+06 8.995529286151753739e+06 -1.064688670848109364e+00 4.330167969384299265e-02
-1.065391781025440077e+00 1.277988000000000000e+06 8.995529286151753739e+06 -1.065455138554604053e+00 4.120190458813245693e-02
-1.065391781025440077e+00 1.405788000000000000e+06 8.995529286151753739e+06 -1.065135251698158037e+00 4.291448324417542620e-02
-1.065391781025440077e+00 1.277988000000000000e+06 8.995529286151753739e+06 -1.065718295016175876e+00 4.136047719737569878e-02
-1.065391781025440077e+00 1.277988000000000000e+06 8.995529286151753739e+06 -1.065310947529332752e+00 4.133440540425430132e-02
-1.065391781025440077e+00 1.405788000000000000e+06 8.995529286151753739e+06 -1.064453538666010113e+00 4.326341063208447718e-02
-1.065391781025440077e+00 1.405788000000000000e+06 8.995529286151753739e+06 -1.065695171117017503e+00 4.211223335083138369e-02
-1.065391781025440077e+00 1.405788000000000000e+06 8.995529286151753739e+06 -1.065398607766068428e+00 4.192608917579556532e-02
-1.065391781025440077e+00 1.277988000000000000e+06 8.995529286151753739e+06 -1.065950349777255779e+00 4.088596467080138352e-02
-1.065391781025440077e+00 1.405788000000000000e+06 8.995529286151753739e+06 -1.065671697591851430e+00 4.155899239958206481e-02
-1.065391781025440077e+00 1.405788000000000000e+06 8.995529286151753739e+06 -1.065667139294303123e+00 4.243252172822421092e-02
-1.065391781025440077e+00 1.277988000000000000e+06 8.995529286151753739e+06 -1.065728034074755026e+00 4.158816989524714153e-02
-1.065391781025440077e+00 1.277988000000000000e+06 8.995529286151753739e+06 -1.065919320377916479e+00 4.109924279427121241e-02
-1.065391781025440077e+00 1.405788000000000000e+06 8.995529286151753739e+06 -1.064949466074704754e+00 4.241514897187784877e-02
-1.065391781025440077e+00 1.405788000000000000e+06 8.995529286151753739e+06 -1.065210956996538894e+00 4.251611948344046626e-02
-1.065391781025440077e+00 1.405788000000000000e+06 8.995529286151753739e+06 -1.065052203614085702e+00 4.298040995626273980e-02
-1.065391781025440077e+00 1.405788000000000000e+06 8.995529286151753739e+06 -1.065097423803760712e+00 4.211616217204573048e-02
-1.065391781025440077e+00 1.277988000000000000e+06 8.995529286151753739e+06 -1.065660366772706702e+00 4.107207014300406217e-02
-1.065391781025440077e+00 1.277988000000000000e+06 8.995529286151753739e+06 -1.065199548361265736e+00 4.188170759805363158e-02
-1.065391781025440077e+00 1.405788000000000000e+06 8.995529286151753739e+06 -1.065502517317153730e+00 4.194923978572129286e-02
-1.065391781025440077e+00 1.405788000000000000e+06 8.995529286151753739e+06 -1.064948806231265754e+00 4.277541991267968385e-02
-1.065391781025440077e+00 1.277988000000000000e+06 8.995529286151753739e+06 -1.065949879350312379e+00 4.111211597568948523e-02
-1.065391781025440077e+00 1.405788000000000000e+06 8.995529286151753739e+06 -1.064997839513665001e+00 4.249160940337112780e-02
-1.065391781025440077e+00 1.405788000000000000e+06 8.995529286151753739e+06 -1.065305452894912186e+00 4.227871242831769683e-02
-1.065391781025440077e+00 1.405788000000000000e+06 8.995529286151753739e+06 -1.065463653135638067e+00 4.233190904542240285e-02
-1.065391781025440077e+00 1.277988000000000000e+06 8.995529286151753739e+06 -1.065843867087264529e+00 4.106062646614968420e-02
-1.065391781025440077e+00 1.405788000000000000e+06 8.995529286151753739e+06 -1.065481051491588671e+00 4.203027897957403725e-02
-1.065391781025440077e+00 1.277988000000000000e+06 8.995529286151753739e+06 -1.065680392312856162e+00 4.112098423300993705e-02
-1.065391781025440077e+00 1.277988000000000000e+06 8.995529286151753739e+06 -1.065672541534919748e+00 4.137390819378815310e-02
-1.065391781025440077e+00 1.277988000000000000e+06 8.995529286151753739e+06 -1.065549259626168421e+00 4.137197232652122664e-02
-1.065391781025440077e+00 1.405788000000000000e+06 8.995529286151753739e+06 -1.065531510308986407e+00 4.215697283968226905e-02
-1.065391781025440077e+00 1.277988000000000000e+06 8.995529286151753739e+06 -1.065471106779657395e+00 4.162375954837548020e-02
-1.065391781025440077e+00 1.405788000000000000e+06 8.995529286151753739e+06 -1.065412796534221052e+00 4.218247115856335605e-02
-1.065391781025440077e+00 1.405788000000000000e+06 8.995529286151753739e+06 -1.065276474414525110e+00 4.231856705558898618e-02
-1.065391781025440077e+00 1.277988000000000000e+06 8.995529286151753739e+06 -1.065631298894138546e+00 4.145129740388039247e-02
-1.065391781025440077e+00 1.405788000000000000e+06 8.995529286151753739e+06 -1.064895598777507946e+00 4.290433038031461060e-02
-1.065391781025440077e+00 1.405788000000000000e+06 8.995529286151753739e+06 -1.065538602985838912e+00 4.200522680229792916e-02
-1.065391781025440077e+00 1.405788000000000000e+06 8.995529286151753739e+06 -1.065046780605776622e+00 4.227603234134588023e-02
-1.065391781025440077e+00 1.277988000000000000e+06 8.995529286151753739e+06 -1.065515348509631144e+00 4.168917608968532307e-02
-1.065391781025440077e+00 1.277988000000000000e+06 8.995529286151753739e+06 -1.065413129709444240e+00 4.173826693440804703e-02
-1.065391781025440077e+00 1.405788000000000000e+06 8.995529286151753739e+06 -1.064979943500898640e+00 4.321873524963216334e-02
-1.065391781025440077e+00 1.277988000000000000e+06 8.995529286151753739e+06 -1.065730530811812349e+00 4.128422730894887316e-02
-1.065391781025440077e+00 1.277988000000000000e+06 8.995529286151753739e+06 -1.065751763875036007e+00 4.168444997228849119e-02
-1.065391781025440077e+00 1.405788000000000000e+06 8.995529286151753739e+06 -1.065352072157572438e+00 4.277233588561001748e-02
-1.065391781025440077e+00 1.405788000000000000e+06 8.995529286151753739e+06 -1.065168674091850232e+00 4.225471443647580566e-02
-1.065391781025440077e+00 1.405788000000000000e+06 8.995529286151753739e+06 -1.065573605418635106e+00 4.220931538360772617e-02
-1.065391781025440077e+00 1.405788000000000000e+06 8.995529286151753739e+06 -1.065261636899911490e+00 4.242751166545583735e-02
-1.065391781025440077e+00 1.405788000000000000e+06 8.995529286151753739e+06 -1.065046621833617202e+00 4.279549531450828337e-02
-1.065391781025440077e+00 1.405788000000000000e+06 8.995529286151753739e+06 -1.065440356308523961e+00 4.230687726746894251e-02
-1.065391781025440077e+00 1.277988000000000000e+06 8.995529286151753739e+06 -1.065629458501275995e+00 4.183742714444908112e-02
-1.065391781025440077e+00 1.405788000000000000e+06 8.995529286151753739e+06 -1.064851407192429322e+00 4.274208118388302807e-02
-1.065391781025440077e+00 1.277988000000000000e+06 8.995529286151753739e+06 -1.065581500304479290e+00 4.180465048192504723e-02
-1.065391781025440077e+00 1.277988000000000000e+06 8.995529286151753739e+06 -1.065797886373846648e+00 4.135715978304167068e-02
-1.065391781025440077e+00 1.277988000000000000e+06 8.995529286151753739e+06 -1.065136112084861031e+00 4.173583190963813666e-02
-1.065391781025440077e+00 1.405788000000000000e+06 8.995529286151753739e+06 -1.065297704642697241e+00 4.212061248688427073e-02
-1.065391781025440077e+00 1.277988000000000000e+06 8.995529286151753739e+06 -1.065291310725233087e+00 4.187152119333630018e-02
-1.065391781025440077e+00 1.405788000000000000e+06 8.995529286151753739e+06 -1.065213293337425648e+00 4.201185751190841117e-02
-1.065391781025440077e+00 1.405788000000000000e+06 8.995529286151753739e+06 -1.065551576207970141e+00 4.191294508307868982e-02
-1.065391781025440077e+00 1.277988000000000000e+06 8.995529286151753739e+06 -1.065659560192370625e+00 4.118751467114607767e-02
-1.065391781025440077e+00 1.405788000000000000e+06 8.995529286151753739e+06 -1.065464102990104189e+00 4.193025194526019128e-02
-1.065391781025440077e+00 1.277988000000000000e+06 8.995529286151753739e+06 -1.065302557779191917e+00 4.175127931053979058e-02
-1.065391781025440077e+00 1.405788000000000000e+06 8.995529286151753739e+06 -1.065387056664480525e+00 4.226727527194450162e-02
-1.065391781025440077e+00 1.405788000000000000e+06 8.995529286151753739e+06 -1.065456615943684460e+00 4.227313580294209117e-02
-1.065391781025440077e+00 1.277988000000000000e+06 8.995529286151753739e+06 -1.065403597225575538e+00 4.161504133881147732e-02
-1.065391781025440077e+00 1.405788000000000000e+06 8.995529286151753739e+06 -1.065006958669613146e+00 4.235772658920605727e-02
-1.065391781025440077e+00 1.277988000000000000e+06 8.995529286151753739e+06 -1.065598899528885868e+00 4.183833871957148842e-02
-1.065391781025440077e+00 1.277988000000000000e+06 8.995529286151753739e+06 -1.065814956956668391e+00 4.182818780103181311e-02
-1.065391781025440077e+00 1.405788000000000000e+06 8.995529286151753739e+06 -1.065247624829803064e+00 4.260106777999548427e-02
-1.065391781025440077e+00 1.277988000000000000e+06 8.995529286151753739e+06 -1.065532593741983725e+00 4.171500518973786376e-02
-1.065391781025440077e+00 1.277988000000000000e+06 8.995529286151753739e+06 -1.065538138394976464e+00 4.129252335415635466e-02
-1.065391781025440077e+00 1.405788000000000000e+06 8.995529286151753739e+06 -1.065207021837034640e+00 4.257970104831677871e-02
-1.065391781025440077e+00 1.277988000000000000e+06 8.995529286151753739e+06 -1.065802587826440329e+00 4.134702353339123754e-02
-1.065391781025440077e+00 1.405788000000000000e+06 8.995529286151753739e+06 -1.065068138876020365e+00 4.312385203502584058e-02
-1.065391781025440077e+00 1.277988000000000000e+06 8.995529286151753739e+06 -1.065565329260628857e+00 4.171425218551137043e-02
-1.065391781025440077e+00 1.277988000000000000e+06 8.995529286151753739e+06 -1.065620972036621872e+00 4.153427841058261738e-02
-1.065391781025440077e+00 1.405788000000000000e+06 8.995529286151753739e+06 -1.065349957756255073e+00 4.220424975624867403e-02
-1.065391781025440077e+00 1.277988000000000000e+06 8.995529286151753739e+06 -1.065599896721346029e+00 4.155580988583332941e-02
-1.065391781025440077e+00 1.277988000000000000e+06 8.995529286151753739e+06 -1.065649022065255247e+00 4.177023035392985612e-02
-1.065391781025440077e+00 1.277988000000000000e+06 8.995529286151753739e+06 -1.065384163240273629e+00 4.184852768590940214e-02
-1.065391781025440077e+00 1.277988000000000000e+06 8.995529286151753739e+06 -1.065685186724077971e+00 4.125313629390565257e-02
-1.065391781025440077e+00 1.405788000000000000e+06 8.995529286151753739e+06 -1.065372403530437273e+00 4.218218123218014232e-02
-1.065391781025440077e+00 1.405788000000000000e+06 8.995529286151753739e+06 -1.065647265458419035e+00 4.213953597496016695e-02
