# Energy,SamplesEBS,SamplesHoeffding,E_estim,Var_estim
-9.432383909566617319e-01 1.726980000000000000e+05 1.481062536158988485e+06 -9.432750303997674557e-01 1.930281982605683722e-03
-9.432383909566617319e-01 1.726980000000000000e+05 1.481062536158988485e+06 -9.428434423095612971e-01 1.992611390940176534e-03
-9.432383909566617319e-01 1.726980000000000000e+05 1.481062536158988485e+06 -9.430049821073663852e-01 1.974243973440997606e-03
-9.432383909566617319e-01 1.726980000000000000e+05 1.481062536158988485e+06 -9.432549421532310241e-01 1.919706902266287048e-03
-9.432383909566617319e-01 1.726980000000000000e+05 1.481062536158988485e+06 -9.434470138622296220e-01 1.901669962680137358e-03
-9.432383909566617319e-01 1.726980000000000000e+05 1.481062536158988485e+06 -9.432359656740555431e-01 1.895619186948103779e-03
-9.432383909566617319e-01 1.726980000000000000e+05 1.481062536158988485e+06 -9.429766111939760220e-01 1.943367756610985767e-03
-9.432383909566617319e-01 1.726980000000000000e+05 1.481062536158988485e+06 -9.434124587428803776e-01 1.871205321716146478e-03
-9.432383909566617319e-01 1.726980000000000000e+05 1.481062536158988485e+06 -9.429531042628037651e-01 1.996198879879571356e-03
-9.432383909566617319e-01 1.726980000000000000e+05 1.481062536158988485e+06 -9.432311503316659351e-01 1.940728395052965238e-03
-9.432383909566617319e-01 1.726980000000000000e+05 1.481062536158988485e+06 -9.433000104226897387e-01 1.941587535134088561e-03
-9.432383909566617319e-01 1.726980000000000000e+05 1.481062536158988485e+06 -9.433221206961188710e-01 1.896875830304975072e-03
-9.432383909566617319e-01 1.726980000000000000e+05 1.481062536158988485e+06 -9.432151895214673232e-01 1.968518206519295852e-03
-9.432383909566617319e-01 1.726980000000000000e+05 1.481062536158988485e+06 -9.433733731715453485e-01 1.907402563126868152e-03
-9.432383909566617319e-01 1.726980000000000000e+05 1.481062536158988485e+06 -9.433068547405246695e-01 1.915721555721698480e-03
-9.432383909566617319e-01 1.726980000000000000e+05 1.481062536158988485e+06 -9.432074974810329415e-01 1.920550809069497414e-03
-9.432383909566617319e-01 1.726980000000000000e+05 1.481062536158988485e+06 -9.428651356702372199e-01 1.995760750582654692e-03
-9.432383909566617319e-01 1.726980000000000000e+05 1.481062536158988485e+06 -9.429409095645414629e-01 1.967895339841497278e-03
-9.432383909566617319e-01 1.726980000000000000e+05 1.481062536158988485e+06 -9.428323246359416876e-01 1.940209341271914838e-03
-9.432383909566617319e-01 1.726980000000000000e+05 1.481062536158988485e+06 -9.428947920646252312e-01 1.953993981389047074e-03
-9.432383909566617319e-01 1.726980000000000000e+05 1.481062536158988485e+06 -9.434380085466015364e-01 1.951283675102938016e-03
-9.432383909566617319e-01 1.726980000000000000e+05 1.481062536158988485e+06 -9.434375499425567968e-01 1.931635520751219613e-03
-9.432383909566617319e-01 1.726980000000000000e+05 1.481062536158988485e+06 -9.431404579090567619e-01 1.935256908078351011e-03
-9.432383909566617319e-01 1.726980000000000000e+05 1.481062536158988485e+06 -9.433658617933012858e-01 1.928352920552363434e-03
-9.432383909566617319e-01 1.726980000000000000e+05 1.481062536158988485e+06 -9.432277663897606912e-01 1.963368381798009932e-03
-9.432383909566617319e-01 1.726980000000000000e+05 1.481062536158988485e+06 -9.431099607405886154e-01 1.960803580448390853e-03
-9.432383909566617319e-01 1.726980000000000000e+05 1.481062536158988485e+06 -9.432104714587326022e-01 1.944609296756801562e-03
-9.432383909566617319e-01 1.726980000000000000e+05 1.481062536158988485e+06 -9.429694194488545955e-01 1.994291011656336085e-03
-9.432383909566617319e-01 1.726980000000000000e+05 1.481062536158988485e+06 -9.433361359134425639e-01 1.960592248937256376e-03
-9.432383909566617319e-01 1.726980000000000000e+05 1.481062536158988485e+06 -9.432233957543173508e-01 1.941557221412280008e-03
-9.432383909566617319e-01 1.726980000000000000e+05 1.481062536158988485e+06 -9.430382378486001915e-01 1.950455287602654610e-03
-9.432383909566617319e-01 1.726980000000000000e+05 1.481062536158988485e+06 -9.432765660284417875e-01 1.932394430775161024e-03
-9.432383909566617319e-01 1.726980000000000000e+05 1.481062536158988485e+06 -9.431704686793014325e-01 1.953169094358630543e-03
-9.432383909566617319e-01 1.726980000000000000e+05 1.481062536158988485e+06 -9.434630511064298064e-01 1.899848658554745013e-03
-9.432383909566617319e-01 1.726980000000000000e+05 1.481062536158988485e+06 -9.432043219954963087e-01 1.945329416914591374e-03
-9.432383909566617319e-01 1.726980000000000000e+05 1.481062536158988485e+06 -9.434368828821314557e-01 1.906181203339954748e-03
-9.432383909566617319e-01 1.726980000000000000e+05 1.481062536158988485e+06 -9.433182434074404155e-01 1.913427869378492904e-03
-9.432383909566617319e-01 1.726980000000000000e+05 1.481062536158988485e+06 -9.431309939893922634e-01 1.968924666733673848e-03
-9.432383909566617319e-01 1.726980000000000000e+05 1.481062536158988485e+06 -9.429886947154944021e-01 1.905688674759339332e-03
-9.432383909566617319e-01 1.726980000000000000e+05 1.481062536158988485e+06 -9.432063440223866779e-01 1.908443090127041148e-03
-9.432383909566617319e-01 1.726980000000000000e+05 1.481062536158988485e+06 -9.432347844212378707e-01 1.936351715585423383e-03
-9.432383909566617319e-01 1.726980000000000000e+05 1.481062536158988485e+06 -9.431702949656519674e-01 1.958008488567575950e-03
-9.432383909566617319e-01 1.726980000000000000e+05 1.481062536158988485e+06 -9.435493798421548117e-01 1.932188197912977721e-03
-9.432383909566617319e-01 1.726980000000000000e+05 1.481062536158988485e+06 -9.431416113676939217e-01 1.943004329438527151e-03
-9.432383909566617319e-01 1.726980000000000000e+05 1.481062536158988485e+06 -9.430762811380390964e-01 1.940325644997268175e-03
-9.432383909566617319e-01 1.726980000000000000e+05 1.481062536158988485e+06 -9.433387485667404926e-01 1.903339002995668803e-03
-9.432383909566617319e-01 1.726980000000000000e+05 1.481062536158988485e+06 -9.431888406349704379e-01 1.898567174345933400e-03
-9.432383909566617319e-01 1.726980000000000000e+05 1.481062536158988485e+06 -9.432078865996081918e-01 1.953463190818796862e-03
-9.432383909566617319e-01 1.726980000000000000e+05 1.481062536158988485e+06 -9.430989889864281883e-01 1.926253889015179131e-03
-9.432383909566617319e-01 1.726980000000000000e+05 1.481062536158988485e+06 -9.430324010699425719e-01 1.926549256762325217e-03
-9.432383909566617319e-01 1.726980000000000000e+05 1.481062536158988485e+06 -9.432558454642080426e-01 1.878363658264601112e-03
-9.432383909566617319e-01 1.726980000000000000e+05 1.481062536158988485e+06 -9.431332314212063084e-01 1.993161008395599558e-03
-9.432383909566617319e-01 1.726980000000000000e+05 1.481062536158988485e+06 -9.433477955736468967e-01 1.886722031707772657e-03
-9.432383909566617319e-01 1.726980000000000000e+05 1.481062536158988485e+06 -9.433188062396696827e-01 1.929051554596799460e-03
-9.432383909566617319e-01 1.726980000000000000e+05 1.481062536158988485e+06 -9.434752110619757381e-01 1.917514079148528163e-03
-9.432383909566617319e-01 1.726980000000000000e+05 1.481062536158988485e+06 -9.435008511967766243e-01 1.919485665565749720e-03
-9.432383909566617319e-01 1.726980000000000000e+05 1.481062536158988485e+06 -9.435413820656859407e-01 1.953305770514079855e-03
-9.432383909566617319e-01 1.726980000000000000e+05 1.481062536158988485e+06 -9.431920578117853893e-01 1.947859390407932463e-03
-9.432383909566617319e-01 1.726980000000000000e+05 1.481062536158988485e+06 -9.430547684395833574e-01 1.995098444646282304e-03
-9.432383909566617319e-01 1.726980000000000000e+05 1.481062536158988485e+06 -9.435445922939438290e-01 1.917125268332853108e-03
-9.432383909566617319e-01 1.726980000000000000e+05 1.481062536158988485e+06 -9.433920647603322163e-01 1.951720371322549635e-03
-9.432383909566617319e-01 1.726980000000000000e+05 1.481062536158988485e+06 -9.431983809886460568e-01 1.923269653593471899e-03
-9.432383909566617319e-01 1.726980000000000000e+05 1.481062536158988485e+06 -9.428350206717927007e-01 1.984829222588804180e-03
-9.432383909566617319e-01 1.726980000000000000e+05 1.481062536158988485e+06 -9.434367786539431533e-01 1.897023146221365163e-03
-9.432383909566617319e-01 1.726980000000000000e+05 1.481062536158988485e+06 -9.431527151442310464e-01 1.897155714941760503e-03
-9.432383909566617319e-01 1.726980000000000000e+05 1.481062536158988485e+06 -9.429550915469683270e-01 1.962584042085772657e-03
-9.432383909566617319e-01 1.726980000000000000e+05 1.481062536158988485e+06 -9.432972449013751204e-01 1.900597434257655189e-03
-9.432383909566617319e-01 1.726980000000000000e+05 1.481062536158988485e+06 -9.435972275300160694e-01 1.819700888343867701e-03
-9.432383909566617319e-01 1.726980000000000000e+05 1.481062536158988485e+06 -9.432150436019948181e-01 1.919070706370902459e-03
-9.432383909566617319e-01 1.726980000000000000e+05 1.481062536158988485e+06 -9.430857450577173617e-01 1.903031968077729431e-03
-9.432383909566617319e-01 1.726980000000000000e+05 1.481062536158988485e+06 -9.430066914496845198e-01 1.945845564187480455e-03
-9.432383909566617319e-01 1.726980000000000000e+05 1.481062536158988485e+06 -9.433468922626777609e-01 1.939862159976130096e-03
-9.432383909566617319e-01 1.726980000000000000e+05 1.481062536158988485e+06 -9.434812840911863674e-01 1.879792024589232915e-03
-9.432383909566617319e-01 1.726980000000000000e+05 1.481062536158988485e+06 -9.432382378486038332e-01 1.898980669345052890e-03
-9.432383909566617319e-01 1.726980000000000000e+05 1.481062536158988485e+06 -9.431109335370270186e-01 1.894480926577463663e-03
-9.432383909566617319e-01 1.726980000000000000e+05 1.481062536158988485e+06 -9.433097939754877537e-01 1.946737690926003727e-03
-9.432383909566617319e-01 1.726980000000000000e+05 1.481062536158988485e+06 -9.432603272763986357e-01 1.969110470866559763e-03
-9.432383909566617319e-01 1.726980000000000000e+05 1.481062536158988485e+06 -9.430142375706592750e-01 1.957551152451792592e-03
-9.432383909566617319e-01 1.726980000000000000e+05 1.481062536158988485e+06 -9.435854705901604023e-01 1.940549517373462395e-03
-9.432383909566617319e-01 1.726980000000000000e+05 1.481062536158988485e+06 -9.434015286799886102e-01 1.896816820385241248e-03
-9.432383909566617319e-01 1.726980000000000000e+05 1.481062536158988485e+06 -9.435058472013557740e-01 1.902926604913278853e-03
-9.432383909566617319e-01 1.726980000000000000e+05 1.481062536158988485e+06 -9.433168814924201007e-01 1.899894905143155802e-03
-9.432383909566617319e-01 1.726980000000000000e+05 1.481062536158988485e+06 -9.431270750094264965e-01 1.906209235835856341e-03
-9.432383909566617319e-01 1.726980000000000000e+05 1.481062536158988485e+06 -9.437811763887207217e-01 1.904822294149826484e-03
-9.432383909566617319e-01 1.726980000000000000e+05 1.481062536158988485e+06 -9.432186082061089216e-01 1.921316175920947467e-03
-9.432383909566617319e-01 1.726980000000000000e+05 1.481062536158988485e+06 -9.431419240522638248e-01 1.922740677850976561e-03
-9.432383909566617319e-01 1.726980000000000000e+05 1.481062536158988485e+06 -9.435144008614979594e-01 1.880218240279418014e-03
-9.432383909566617319e-01 1.726980000000000000e+05 1.481062536158988485e+06 -9.434367369626647237e-01 1.849338023949820059e-03
-9.432383909566617319e-01 1.726980000000000000e+05 1.481062536158988485e+06 -9.432490080949355038e-01 1.973582750253849265e-03
-9.432383909566617319e-01 1.726980000000000000e+05 1.481062536158988485e+06 -9.434097766041253941e-01 1.920431359640884569e-03
-9.432383909566617319e-01 1.726980000000000000e+05 1.481062536158988485e+06 -9.434288503629458811e-01 1.921745271698381118e-03
-9.432383909566617319e-01 1.726980000000000000e+05 1.481062536158988485e+06 -9.433853524648806443e-01 1.883273929109702347e-03
-9.432383909566617319e-01 1.726980000000000000e+05 1.481062536158988485e+06 -9.433058819440853782e-01 1.963686935957153872e-03
-9.432383909566617319e-01 1.726980000000000000e+05 1.481062536158988485e+06 -9.433487822671925427e-01 1.943622075039299745e-03
-9.432383909566617319e-01 1.726980000000000000e+05 1.481062536158988485e+06 -9.431670083033917296e-01 1.934409045464619047e-03
-9.432383909566617319e-01 1.726980000000000000e+05 1.481062536158988485e+06 -9.429693430148514688e-01 1.941114900661044087e-03
-9.432383909566617319e-01 1.726980000000000000e+05 1.481062536158988485e+06 -9.430130493692900906e-01 1.947266735643439842e-03
-9.432383909566617319e-01 1.726980000000000000e+05 1.481062536158988485e+06 -9.431151652015613562e-01 1.940559803018808904e-03
-9.432383909566617319e-01 1.726980000000000000e+05 1.481062536158988485e+06 -9.430449015042167149e-01 1.886524798377339817e-03
-9.432383909566617319e-01 1.726980000000000000e+05 1.481062536158988485e+06 -9.430209151233900355e-01 1.991885036014813624e-03
