# Energy,SamplesEBS,SamplesHoeffding,E_estim,Var_estim
-9.431724165918652369e-01 1.569960000000000000e+05 1.479201320463251555e+06 -9.432783918058210704e-01 1.581850598028976696e-03
-9.431724165918652369e-01 1.569960000000000000e+05 1.479201320463251555e+06 -9.432274898720014455e-01 1.621866508438012631e-03
-9.431724165918652369e-01 1.569960000000000000e+05 1.479201320463251555e+06 -9.425979744703550933e-01 1.649325288362434938e-03
-9.431724165918652369e-01 1.569960000000000000e+05 1.479201320463251555e+06 -9.430185431472458690e-01 1.690323793654417879e-03
-9.431724165918652369e-01 1.569960000000000000e+05 1.479201320463251555e+06 -9.432213788882786165e-01 1.659421860872124354e-03
-9.431724165918652369e-01 1.569960000000000000e+05 1.479201320463251555e+06 -9.428887105400519664e-01 1.665559286277497417e-03
-9.431724165918652369e-01 1.569960000000000000e+05 1.479201320463251555e+06 -9.430164488263760303e-01 1.668236422022330084e-03
-9.431724165918652369e-01 1.569960000000000000e+05 1.479201320463251555e+06 -9.432945004964816693e-01 1.625084277717666953e-03
-9.431724165918652369e-01 1.569960000000000000e+05 1.479201320463251555e+06 -9.429831651758373567e-01 1.658384370421393372e-03
-9.431724165918652369e-01 1.569960000000000000e+05 1.479201320463251555e+06 -9.430986012379083405e-01 1.624485133049445975e-03
-9.431724165918652369e-01 1.569960000000000000e+05 1.479201320463251555e+06 -9.429839027742471513e-01 1.661143707548042633e-03
-9.431724165918652369e-01 1.569960000000000000e+05 1.479201320463251555e+06 -9.427929297558197419e-01 1.666408387839122445e-03
-9.431724165918652369e-01 1.569960000000000000e+05 1.479201320463251555e+06 -9.430199304437387742e-01 1.672787124506453340e-03
-9.431724165918652369e-01 1.569960000000000000e+05 1.479201320463251555e+06 -9.432373729263489048e-01 1.625690150504109557e-03
-9.431724165918652369e-01 1.569960000000000000e+05 1.479201320463251555e+06 -9.431597684013880434e-01 1.635352371183295978e-03
-9.431724165918652369e-01 1.569960000000000000e+05 1.479201320463251555e+06 -9.428106932657304151e-01 1.677835145822714497e-03
-9.431724165918652369e-01 1.569960000000000000e+05 1.479201320463251555e+06 -9.432709814259244707e-01 1.639896041206814281e-03
-9.431724165918652369e-01 1.569960000000000000e+05 1.479201320463251555e+06 -9.430884200867853950e-01 1.612989958964524762e-03
-9.431724165918652369e-01 1.569960000000000000e+05 1.479201320463251555e+06 -9.432258656267971109e-01 1.635006833966247668e-03
-9.431724165918652369e-01 1.569960000000000000e+05 1.479201320463251555e+06 -9.430497936249676583e-01 1.642329268077646117e-03
-9.431724165918652369e-01 1.569960000000000000e+05 1.479201320463251555e+06 -9.433464648777314387e-01 1.602182056066228872e-03
-9.431724165918652369e-01 1.569960000000000000e+05 1.479201320463251555e+06 -9.431911946797685298e-01 1.629736639133743444e-03
-9.431724165918652369e-01 1.569960000000000000e+05 1.479201320463251555e+06 -9.431681189326069914e-01 1.628403793728915114e-03
-9.431724165918652369e-01 1.569960000000000000e+05 1.479201320463251555e+06 -9.434492088966842660e-01 1.611811485300252778e-03
-9.431724165918652369e-01 1.569960000000000000e+05 1.479201320463251555e+06 -9.432344531067345939e-01 1.614272922761806782e-03
-9.431724165918652369e-01 1.569960000000000000e+05 1.479201320463251555e+06 -9.431874187873979798e-01 1.602132699862975768e-03
-9.431724165918652369e-01 1.569960000000000000e+05 1.479201320463251555e+06 -9.432624283417756494e-01 1.574684333313068358e-03
-9.431724165918652369e-01 1.569960000000000000e+05 1.479201320463251555e+06 -9.428963807991638246e-01 1.711620145506938815e-03
-9.431724165918652369e-01 1.569960000000000000e+05 1.479201320463251555e+06 -9.433398838183404411e-01 1.603646486298624003e-03
-9.431724165918652369e-01 1.569960000000000000e+05 1.479201320463251555e+06 -9.432075403191518825e-01 1.646098576075180533e-03
-9.431724165918652369e-01 1.569960000000000000e+05 1.479201320463251555e+06 -9.431980088661078288e-01 1.661216655376824506e-03
-9.431724165918652369e-01 1.569960000000000000e+05 1.479201320463251555e+06 -9.432365474276085404e-01 1.628792687687759385e-03
-9.431724165918652369e-01 1.569960000000000000e+05 1.479201320463251555e+06 -9.434745853393978754e-01 1.608723524459717029e-03
-9.431724165918652369e-01 1.569960000000000000e+05 1.479201320463251555e+06 -9.429092486429344611e-01 1.640109074996775555e-03
-9.431724165918652369e-01 1.569960000000000000e+05 1.479201320463251555e+06 -9.430645761671957450e-01 1.639056873579704731e-03
-9.431724165918652369e-01 1.569960000000000000e+05 1.479201320463251555e+06 -9.431530421153713206e-01 1.614581272394837288e-03
-9.431724165918652369e-01 1.569960000000000000e+05 1.479201320463251555e+06 -9.433165443702123953e-01 1.600165261047624670e-03
-9.431724165918652369e-01 1.569960000000000000e+05 1.479201320463251555e+06 -9.430582626305440419e-01 1.648688861234026302e-03
-9.431724165918652369e-01 1.569960000000000000e+05 1.479201320463251555e+06 -9.431524803176207783e-01 1.639006909633952506e-03
-9.431724165918652369e-01 1.569960000000000000e+05 1.479201320463251555e+06 -9.433044446988764209e-01 1.619520869201092773e-03
-9.431724165918652369e-01 1.569960000000000000e+05 1.479201320463251555e+06 -9.428664029653313072e-01 1.691472822030806993e-03
-9.431724165918652369e-01 1.569960000000000000e+05 1.479201320463251555e+06 -9.434115569819810920e-01 1.614829047607304301e-03
-9.431724165918652369e-01 1.569960000000000000e+05 1.479201320463251555e+06 -9.431690055794079708e-01 1.615482829050656367e-03
-9.431724165918652369e-01 1.569960000000000000e+05 1.479201320463251555e+06 -9.428889474887619526e-01 1.662077943995451772e-03
-9.431724165918652369e-01 1.569960000000000000e+05 1.479201320463251555e+06 -9.430551058622330673e-01 1.616493287835370002e-03
-9.431724165918652369e-01 1.569960000000000000e+05 1.479201320463251555e+06 -9.432360467779120627e-01 1.619383355207386788e-03
-9.431724165918652369e-01 1.569960000000000000e+05 1.479201320463251555e+06 -9.431929068252984383e-01 1.620604826336478291e-03
-9.431724165918652369e-01 1.569960000000000000e+05 1.479201320463251555e+06 -9.432878009627283511e-01 1.640478701575264365e-03
-9.431724165918652369e-01 1.569960000000000000e+05 1.479201320463251555e+06 -9.432180768933268178e-01 1.604994264570897087e-03
-9.431724165918652369e-01 1.569960000000000000e+05 1.479201320463251555e+06 -9.432150959256717648e-01 1.624122020871348248e-03
-9.431724165918652369e-01 1.569960000000000000e+05 1.479201320463251555e+06 -9.429772338145282484e-01 1.674663498812704746e-03
-9.431724165918652369e-01 1.569960000000000000e+05 1.479201320463251555e+06 -9.431079836425366736e-01 1.622070723365400327e-03
-9.431724165918652369e-01 1.569960000000000000e+05 1.479201320463251555e+06 -9.433131468314117640e-01 1.656584907511416500e-03
-9.431724165918652369e-01 1.569960000000000000e+05 1.479201320463251555e+06 -9.432940265990511497e-01 1.665431401133445673e-03
-9.431724165918652369e-01 1.569960000000000000e+05 1.479201320463251555e+06 -9.430517427192151025e-01 1.623136591524421092e-03
-9.431724165918652369e-01 1.569960000000000000e+05 1.479201320463251555e+06 -9.428071237480326605e-01 1.647682305789429725e-03
-9.431724165918652369e-01 1.569960000000000000e+05 1.479201320463251555e+06 -9.434144194753061319e-01 1.623535243719065931e-03
-9.431724165918652369e-01 1.569960000000000000e+05 1.479201320463251555e+06 -9.431187533436863335e-01 1.641892552320196354e-03
-9.431724165918652369e-01 1.569960000000000000e+05 1.479201320463251555e+06 -9.428289574253235772e-01 1.687744833424093547e-03
-9.431724165918652369e-01 1.569960000000000000e+05 1.479201320463251555e+06 -9.430815715046526604e-01 1.663731887935630729e-03
-9.431724165918652369e-01 1.569960000000000000e+05 1.479201320463251555e+06 -9.432644920886226192e-01 1.620545103651750956e-03
-9.431724165918652369e-01 1.569960000000000000e+05 1.479201320463251555e+06 -9.429511197734032901e-01 1.655175466251010072e-03
-9.431724165918652369e-01 1.569960000000000000e+05 1.479201320463251555e+06 -9.432032332030426680e-01 1.632426989221340665e-03
-9.431724165918652369e-01 1.569960000000000000e+05 1.479201320463251555e+06 -9.431934380490204495e-01 1.617096435126907320e-03
-9.431724165918652369e-01 1.569960000000000000e+05 1.479201320463251555e+06 -9.432988649388794888e-01 1.669516127201401334e-03
-9.431724165918652369e-01 1.569960000000000000e+05 1.479201320463251555e+06 -9.431345677593369059e-01 1.654007868126388574e-03
-9.431724165918652369e-01 1.569960000000000000e+05 1.479201320463251555e+06 -9.433007567068243393e-01 1.605726537043704241e-03
-9.431724165918652369e-01 1.569960000000000000e+05 1.479201320463251555e+06 -9.431530115413506721e-01 1.618373703070481381e-03
-9.431724165918652369e-01 1.569960000000000000e+05 1.479201320463251555e+06 -9.431415615681005837e-01 1.648579619032486355e-03
-9.431724165918652369e-01 1.569960000000000000e+05 1.479201320463251555e+06 -9.431813689517223320e-01 1.613298096247535538e-03
-9.431724165918652369e-01 1.569960000000000000e+05 1.479201320463251555e+06 -9.431799243289313850e-01 1.605909520332119171e-03
-9.431724165918652369e-01 1.569960000000000000e+05 1.479201320463251555e+06 -9.434006993805285068e-01 1.607264358303909504e-03
-9.431724165918652369e-01 1.569960000000000000e+05 1.479201320463251555e+06 -9.431771764882324049e-01 1.662568005572188663e-03
-9.431724165918652369e-01 1.569960000000000000e+05 1.479201320463251555e+06 -9.432948253455188947e-01 1.607429979910652467e-03
-9.431724165918652369e-01 1.569960000000000000e+05 1.479201320463251555e+06 -9.431702705797850861e-01 1.679139019452509981e-03
-9.431724165918652369e-01 1.569960000000000000e+05 1.479201320463251555e+06 -9.430738133452121197e-01 1.642149317876784006e-03
-9.431724165918652369e-01 1.569960000000000000e+05 1.479201320463251555e+06 -9.430500305736699840e-01 1.638415018439383320e-03
-9.431724165918652369e-01 1.569960000000000000e+05 1.479201320463251555e+06 -9.431551364362441570e-01 1.627421635155558996e-03
-9.431724165918652369e-01 1.569960000000000000e+05 1.479201320463251555e+06 -9.430814262780319313e-01 1.637776000197633001e-03
-9.431724165918652369e-01 1.569960000000000000e+05 1.479201320463251555e+06 -9.430052663758612397e-01 1.662872147457273957e-03
-9.431724165918652369e-01 1.569960000000000000e+05 1.479201320463251555e+06 -9.433361614305016962e-01 1.689754664120833756e-03
-9.431724165918652369e-01 1.569960000000000000e+05 1.479201320463251555e+06 -9.432006076584451559e-01 1.620116991088960037e-03
-9.431724165918652369e-01 1.569960000000000000e+05 1.479201320463251555e+06 -9.432454291825533854e-01 1.637069460867569696e-03
-9.431724165918652369e-01 1.569960000000000000e+05 1.479201320463251555e+06 -9.430498509512689198e-01 1.683635275244845745e-03
-9.431724165918652369e-01 1.569960000000000000e+05 1.479201320463251555e+06 -9.433451616598151901e-01 1.678142504154948780e-03
-9.431724165918652369e-01 1.569960000000000000e+05 1.479201320463251555e+06 -9.429674692345328957e-01 1.620974653257627098e-03
-9.431724165918652369e-01 1.569960000000000000e+05 1.479201320463251555e+06 -9.429741381942576828e-01 1.603732196950799927e-03
-9.431724165918652369e-01 1.569960000000000000e+05 1.479201320463251555e+06 -9.430801574558957956e-01 1.620655660994496693e-03
-9.431724165918652369e-01 1.569960000000000000e+05 1.479201320463251555e+06 -9.430604180994774932e-01 1.613859684891403180e-03
-9.431724165918652369e-01 1.569960000000000000e+05 1.479201320463251555e+06 -9.430476114037695812e-01 1.623558089305102365e-03
-9.431724165918652369e-01 1.569960000000000000e+05 1.479201320463251555e+06 -9.426953756780201976e-01 1.699780426915484212e-03
-9.431724165918652369e-01 1.569960000000000000e+05 1.479201320463251555e+06 -9.430616257735545682e-01 1.660780593087837244e-03
-9.431724165918652369e-01 1.569960000000000000e+05 1.479201320463251555e+06 -9.432385538481480314e-01 1.632412395210393894e-03
-9.431724165918652369e-01 1.569960000000000000e+05 1.479201320463251555e+06 -9.433470228537277347e-01 1.633659818580959506e-03
-9.431724165918652369e-01 1.569960000000000000e+05 1.479201320463251555e+06 -9.431414736677669053e-01 1.642960988812575606e-03
-9.431724165918652369e-01 1.569960000000000000e+05 1.479201320463251555e+06 -9.428466330348840296e-01 1.676547874046761420e-03
-9.431724165918652369e-01 1.569960000000000000e+05 1.479201320463251555e+06 -9.431642818921759375e-01 1.662927979127365582e-03
-9.431724165918652369e-01 1.569960000000000000e+05 1.479201320463251555e+06 -9.431111098368416545e-01 1.658993575141683293e-03
-9.431724165918652369e-01 1.569960000000000000e+05 1.479201320463251555e+06 -9.434862149350676797e-01 1.538622584996535711e-03
-9.431724165918652369e-01 1.569960000000000000e+05 1.479201320463251555e+06 -9.429458992582249177e-01 1.625513478243892709e-03
