# Energy,SamplesEBS,SamplesHoeffding,E_estim,Var_estim
-9.516035927916375314e-01 4.479270000000000000e+05 1.512129660681088222e+06 -9.518302366219862920e-01 1.236021728731052580e-02
-9.516035927916375314e-01 4.479270000000000000e+05 1.512129660681088222e+06 -9.512554554634528037e-01 1.237398567276183810e-02
-9.516035927916375314e-01 4.479270000000000000e+05 1.512129660681088222e+06 -9.510230314300779364e-01 1.245523541243285376e-02
-9.516035927916375314e-01 4.479270000000000000e+05 1.512129660681088222e+06 -9.516198608241448476e-01 1.236151876888526464e-02
-9.516035927916375314e-01 4.479270000000000000e+05 1.512129660681088222e+06 -9.521000730015748426e-01 1.229498112016231236e-02
-9.516035927916375314e-01 4.479270000000000000e+05 1.512129660681088222e+06 -9.512402320007038448e-01 1.248061140278044177e-02
-9.516035927916375314e-01 4.479270000000000000e+05 1.512129660681088222e+06 -9.515420691304093959e-01 1.230640975139411612e-02
-9.516035927916375314e-01 4.479270000000000000e+05 1.512129660681088222e+06 -9.516148577767752359e-01 1.236862645591337712e-02
-9.516035927916375314e-01 4.479270000000000000e+05 1.512129660681088222e+06 -9.511673696816127510e-01 1.238261693295129168e-02
-9.516035927916375314e-01 4.479270000000000000e+05 1.512129660681088222e+06 -9.519017661346036441e-01 1.226637837854821847e-02
-9.516035927916375314e-01 4.479270000000000000e+05 1.512129660681088222e+06 -9.516823151972904071e-01 1.230356510403509719e-02
-9.516035927916375314e-01 4.479270000000000000e+05 1.512129660681088222e+06 -9.513445391757485714e-01 1.240674299903565814e-02
-9.516035927916375314e-01 4.479270000000000000e+05 1.512129660681088222e+06 -9.517150794646754841e-01 1.238703898852414401e-02
-9.516035927916375314e-01 4.479270000000000000e+05 1.512129660681088222e+06 -9.516592355436853667e-01 1.232294626635639830e-02
-9.516035927916375314e-01 4.479270000000000000e+05 1.512129660681088222e+06 -9.513893991640962611e-01 1.236303778083550943e-02
-9.516035927916375314e-01 4.479270000000000000e+05 1.512129660681088222e+06 -9.521818497196617992e-01 1.239257456273440937e-02
-9.516035927916375314e-01 4.479270000000000000e+05 1.512129660681088222e+06 -9.514969144511880028e-01 1.235385455024819168e-02
-9.516035927916375314e-01 4.479270000000000000e+05 1.512129660681088222e+06 -9.516710365737661714e-01 1.234698407317538771e-02
-9.516035927916375314e-01 4.479270000000000000e+05 1.512129660681088222e+06 -9.515747731201262827e-01 1.235563914740309653e-02
-9.516035927916375314e-01 4.479270000000000000e+05 1.512129660681088222e+06 -9.520249871058773516e-01 1.234055298937842063e-02
-9.516035927916375314e-01 4.479270000000000000e+05 1.512129660681088222e+06 -9.516322780260521030e-01 1.239594425268077810e-02
-9.516035927916375314e-01 4.479270000000000000e+05 1.512129660681088222e+06 -9.516686857442803182e-01 1.241070051732120864e-02
-9.516035927916375314e-01 4.072080000000000000e+05 1.512129660681088222e+06 -9.519069753036366599e-01 1.223650407953586622e-02
-9.516035927916375314e-01 4.479270000000000000e+05 1.512129660681088222e+06 -9.518402829018510758e-01 1.233321376586969144e-02
-9.516035927916375314e-01 4.479270000000000000e+05 1.512129660681088222e+06 -9.511413431192544676e-01 1.240693170013023629e-02
-9.516035927916375314e-01 4.479270000000000000e+05 1.512129660681088222e+06 -9.516441862164557453e-01 1.229595321165546928e-02
-9.516035927916375314e-01 4.479270000000000000e+05 1.512129660681088222e+06 -9.510863497832851010e-01 1.236153795154655739e-02
-9.516035927916375314e-01 4.479270000000000000e+05 1.512129660681088222e+06 -9.518087978607512323e-01 1.225893526055645173e-02
-9.516035927916375314e-01 4.479270000000000000e+05 1.512129660681088222e+06 -9.514341452946097899e-01 1.240586217939064831e-02
-9.516035927916375314e-01 4.479270000000000000e+05 1.512129660681088222e+06 -9.512095104768821807e-01 1.247532137926389735e-02
-9.516035927916375314e-01 4.479270000000000000e+05 1.512129660681088222e+06 -9.513668218244840658e-01 1.238407320975389546e-02
-9.516035927916375314e-01 4.072080000000000000e+05 1.512129660681088222e+06 -9.523101550054086095e-01 1.222454757404027766e-02
-9.516035927916375314e-01 4.479270000000000000e+05 1.512129660681088222e+06 -9.518673475797939654e-01 1.231525752015737163e-02
-9.516035927916375314e-01 4.479270000000000000e+05 1.512129660681088222e+06 -9.512039247452739321e-01 1.239895081107570719e-02
-9.516035927916375314e-01 4.479270000000000000e+05 1.512129660681088222e+06 -9.516673194502116573e-01 1.236805063215145294e-02
-9.516035927916375314e-01 4.479270000000000000e+05 1.512129660681088222e+06 -9.512853063096886608e-01 1.239743460801488381e-02
-9.516035927916375314e-01 4.479270000000000000e+05 1.512129660681088222e+06 -9.517399205660246331e-01 1.234021354048971640e-02
-9.516035927916375314e-01 4.479270000000000000e+05 1.512129660681088222e+06 -9.513273868272638101e-01 1.232775088476511204e-02
-9.516035927916375314e-01 4.072080000000000000e+05 1.512129660681088222e+06 -9.520625714608861312e-01 1.224230203269649313e-02
-9.516035927916375314e-01 4.479270000000000000e+05 1.512129660681088222e+06 -9.517761675437667046e-01 1.237340788862337053e-02
-9.516035927916375314e-01 4.479270000000000000e+05 1.512129660681088222e+06 -9.516184476474449649e-01 1.238167366938011833e-02
-9.516035927916375314e-01 4.479270000000000000e+05 1.512129660681088222e+06 -9.515564687982113190e-01 1.237072709636861251e-02
-9.516035927916375314e-01 4.479270000000000000e+05 1.512129660681088222e+06 -9.510602160606070887e-01 1.241620575970094065e-02
-9.516035927916375314e-01 4.479270000000000000e+05 1.512129660681088222e+06 -9.517734550482059852e-01 1.235953428906511574e-02
-9.516035927916375314e-01 4.479270000000000000e+05 1.512129660681088222e+06 -9.516532747509703904e-01 1.236539760274921879e-02
-9.516035927916375314e-01 4.479270000000000000e+05 1.512129660681088222e+06 -9.517776209055820447e-01 1.230631318926282518e-02
-9.516035927916375314e-01 4.479270000000000000e+05 1.512129660681088222e+06 -9.514128739713726413e-01 1.234747199087555918e-02
-9.516035927916375314e-01 4.479270000000000000e+05 1.512129660681088222e+06 -9.514322699890316315e-01 1.238821411362234746e-02
-9.516035927916375314e-01 4.479270000000000000e+05 1.512129660681088222e+06 -9.509682055321069249e-01 1.244106035058601713e-02
-9.516035927916375314e-01 4.479270000000000000e+05 1.512129660681088222e+06 -9.513491537669676035e-01 1.241671443154778592e-02
-9.516035927916375314e-01 4.479270000000000000e+05 1.512129660681088222e+06 -9.516618542739749831e-01 1.233422712775615604e-02
-9.516035927916375314e-01 4.479270000000000000e+05 1.512129660681088222e+06 -9.515759451861066642e-01 1.235527412760689323e-02
-9.516035927916375314e-01 4.479270000000000000e+05 1.512129660681088222e+06 -9.513650402841962173e-01 1.242380312560121061e-02
-9.516035927916375314e-01 4.479270000000000000e+05 1.512129660681088222e+06 -9.518164866136127333e-01 1.235176124023183025e-02
-9.516035927916375314e-01 4.479270000000000000e+05 1.512129660681088222e+06 -9.517695102089834824e-01 1.233719425508553354e-02
-9.516035927916375314e-01 4.479270000000000000e+05 1.512129660681088222e+06 -9.510570414361614322e-01 1.245395943653043562e-02
-9.516035927916375314e-01 4.479270000000000000e+05 1.512129660681088222e+06 -9.516138665438289568e-01 1.235320951007800282e-02
-9.516035927916375314e-01 4.479270000000000000e+05 1.512129660681088222e+06 -9.520616158422547937e-01 1.230265194568638983e-02
-9.516035927916375314e-01 4.479270000000000000e+05 1.512129660681088222e+06 -9.516155811089191952e-01 1.232645293749911469e-02
-9.516035927916375314e-01 4.479270000000000000e+05 1.512129660681088222e+06 -9.517164323637076206e-01 1.237458606995714243e-02
-9.516035927916375314e-01 4.479270000000000000e+05 1.512129660681088222e+06 -9.514272736391822249e-01 1.238885338827304741e-02
-9.516035927916375314e-01 4.479270000000000000e+05 1.512129660681088222e+06 -9.518875406023187269e-01 1.233191696246540431e-02
-9.516035927916375314e-01 4.479270000000000000e+05 1.512129660681088222e+06 -9.517014366166275385e-01 1.231451387026698263e-02
-9.516035927916375314e-01 4.479270000000000000e+05 1.512129660681088222e+06 -9.519150272240186617e-01 1.231104666657790135e-02
-9.516035927916375314e-01 4.479270000000000000e+05 1.512129660681088222e+06 -9.510951838120447199e-01 1.240452757807130463e-02
-9.516035927916375314e-01 4.479270000000000000e+05 1.512129660681088222e+06 -9.513748186632615678e-01 1.239804104859226763e-02
-9.516035927916375314e-01 4.479270000000000000e+05 1.512129660681088222e+06 -9.514864328325275400e-01 1.243673071186389423e-02
-9.516035927916375314e-01 4.479270000000000000e+05 1.512129660681088222e+06 -9.516607424856652342e-01 1.231745529470689923e-02
-9.516035927916375314e-01 4.479270000000000000e+05 1.512129660681088222e+06 -9.513024519606523288e-01 1.245148945664244222e-02
-9.516035927916375314e-01 4.479270000000000000e+05 1.512129660681088222e+06 -9.513643504396395167e-01 1.233085858764792347e-02
-9.516035927916375314e-01 4.479270000000000000e+05 1.512129660681088222e+06 -9.520262730297019971e-01 1.231280844091516870e-02
-9.516035927916375314e-01 4.479270000000000000e+05 1.512129660681088222e+06 -9.516796361893293810e-01 1.231795851082207599e-02
-9.516035927916375314e-01 4.479270000000000000e+05 1.512129660681088222e+06 -9.518999645017518496e-01 1.234975491607834958e-02
-9.516035927916375314e-01 4.479270000000000000e+05 1.512129660681088222e+06 -9.510741067168942964e-01 1.241120174795688758e-02
-9.516035927916375314e-01 4.479270000000000000e+05 1.512129660681088222e+06 -9.520932616238245716e-01 1.225325146616723995e-02
-9.516035927916375314e-01 4.479270000000000000e+05 1.512129660681088222e+06 -9.516261899804562274e-01 1.226976404363245080e-02
-9.516035927916375314e-01 4.479270000000000000e+05 1.512129660681088222e+06 -9.517949339945496190e-01 1.239307755517509574e-02
-9.516035927916375314e-01 4.479270000000000000e+05 1.512129660681088222e+06 -9.515994199933898168e-01 1.238147309447419978e-02
-9.516035927916375314e-01 4.479270000000000000e+05 1.512129660681088222e+06 -9.516864609621225046e-01 1.242008611648985107e-02
-9.516035927916375314e-01 4.479270000000000000e+05 1.512129660681088222e+06 -9.516558934812510140e-01 1.236066293022826390e-02
-9.516035927916375314e-01 4.479270000000000000e+05 1.512129660681088222e+06 -9.515395977455619603e-01 1.238995061012325254e-02
-9.516035927916375314e-01 4.479270000000000000e+05 1.512129660681088222e+06 -9.517364512507087149e-01 1.234358280108270069e-02
-9.516035927916375314e-01 4.479270000000000000e+05 1.512129660681088222e+06 -9.513557374290382285e-01 1.237672448654797940e-02
-9.516035927916375314e-01 4.479270000000000000e+05 1.512129660681088222e+06 -9.512036434494476334e-01 1.245016126408457491e-02
-9.516035927916375314e-01 4.479270000000000000e+05 1.512129660681088222e+06 -9.513562397430296302e-01 1.238482283092165286e-02
-9.516035927916375314e-01 4.479270000000000000e+05 1.512129660681088222e+06 -9.513381028591256783e-01 1.233657885926439136e-02
-9.516035927916375314e-01 4.479270000000000000e+05 1.512129660681088222e+06 -9.516398864086693665e-01 1.233182813848214023e-02
-9.516035927916375314e-01 4.479270000000000000e+05 1.512129660681088222e+06 -9.517491765385379665e-01 1.235923972038519350e-02
-9.516035927916375314e-01 4.479270000000000000e+05 1.512129660681088222e+06 -9.518886724831896462e-01 1.233297961429889907e-02
-9.516035927916375314e-01 4.479270000000000000e+05 1.512129660681088222e+06 -9.513971682871983360e-01 1.244380041633910000e-02
-9.516035927916375314e-01 4.479270000000000000e+05 1.512129660681088222e+06 -9.519274042408156777e-01 1.236269777962376547e-02
-9.516035927916375314e-01 4.479270000000000000e+05 1.512129660681088222e+06 -9.518592837658238492e-01 1.231269458491033621e-02
-9.516035927916375314e-01 4.479270000000000000e+05 1.512129660681088222e+06 -9.514746318024552840e-01 1.238878322476289102e-02
-9.516035927916375314e-01 4.479270000000000000e+05 1.512129660681088222e+06 -9.515787983295884711e-01 1.241934737538497729e-02
-9.516035927916375314e-01 4.072080000000000000e+05 1.512129660681088222e+06 -9.518367654845767412e-01 1.222627891911075640e-02
-9.516035927916375314e-01 4.479270000000000000e+05 1.512129660681088222e+06 -9.515288415285980683e-01 1.239224049086263754e-02
-9.516035927916375314e-01 4.479270000000000000e+05 1.512129660681088222e+06 -9.513171798069355312e-01 1.248070660528612964e-02
-9.516035927916375314e-01 4.479270000000000000e+05 1.512129660681088222e+06 -9.516839895772661873e-01 1.231506032481230993e-02
-9.516035927916375314e-01 4.479270000000000000e+05 1.512129660681088222e+06 -9.514859840986926720e-01 1.228154357756403026e-02
-9.516035927916375314e-01 4.479270000000000000e+05 1.512129660681088222e+06 -9.514934786234767738e-01 1.233008252109830775e-02
