# Energy,SamplesEBS,SamplesHoeffding,E_estim,Var_estim
-1.144960274408618472e+00 1.405788000000000000e+06 6.013203288988449611e+06 -1.144993710572365542e+00 4.625564336397956083e-02
-1.144960274408618472e+00 1.277988000000000000e+06 6.013203288988449611e+06 -1.145532223306098940e+00 4.489039719008657003e-02
-1.144960274408618472e+00 1.405788000000000000e+06 6.013203288988449611e+06 -1.145201457117382526e+00 4.576105736989251327e-02
-1.144960274408618472e+00 1.405788000000000000e+06 6.013203288988449611e+06 -1.145149880919530627e+00 4.561906714242445343e-02
-1.144960274408618472e+00 1.405788000000000000e+06 6.013203288988449611e+06 -1.145012845605545504e+00 4.584005763407187489e-02
-1.144960274408618472e+00 1.405788000000000000e+06 6.013203288988449611e+06 -1.145001322673205202e+00 4.608740711757496750e-02
-1.144960274408618472e+00 1.405788000000000000e+06 6.013203288988449611e+06 -1.144316511876656506e+00 4.653367774756728137e-02
-1.144960274408618472e+00 1.405788000000000000e+06 6.013203288988449611e+06 -1.145035241870114850e+00 4.569262767065043057e-02
-1.144960274408618472e+00 1.405788000000000000e+06 6.013203288988449611e+06 -1.144571578501256237e+00 4.685586151025084023e-02
-1.144960274408618472e+00 1.405788000000000000e+06 6.013203288988449611e+06 -1.145076276791478387e+00 4.609586379214326152e-02
-1.144960274408618472e+00 1.405788000000000000e+06 6.013203288988449611e+06 -1.144596060571087204e+00 4.678917530944140535e-02
-1.144960274408618472e+00 1.405788000000000000e+06 6.013203288988449611e+06 -1.144955014552784922e+00 4.657018861453353364e-02
-1.144960274408618472e+00 1.405788000000000000e+06 6.013203288988449611e+06 -1.145338586755697108e+00 4.572783431434467721e-02
-1.144960274408618472e+00 1.405788000000000000e+06 6.013203288988449611e+06 -1.144837655463081916e+00 4.678141504318691218e-02
-1.144960274408618472e+00 1.405788000000000000e+06 6.013203288988449611e+06 -1.144368802976079236e+00 4.713826824950663463e-02
-1.144960274408618472e+00 1.405788000000000000e+06 6.013203288988449611e+06 -1.144601291516309072e+00 4.656884068856527448e-02
-1.144960274408618472e+00 1.405788000000000000e+06 6.013203288988449611e+06 -1.144948433617383632e+00 4.628287924660079433e-02
-1.144960274408618472e+00 1.405788000000000000e+06 6.013203288988449611e+06 -1.144487821064115840e+00 4.638760552778982416e-02
-1.144960274408618472e+00 1.405788000000000000e+06 6.013203288988449611e+06 -1.144426872613867774e+00 4.686830106179128846e-02
-1.144960274408618472e+00 1.405788000000000000e+06 6.013203288988449611e+06 -1.144854033750549727e+00 4.617331905476196319e-02
-1.144960274408618472e+00 1.405788000000000000e+06 6.013203288988449611e+06 -1.145295517245905170e+00 4.533549382930538579e-02
-1.144960274408618472e+00 1.405788000000000000e+06 6.013203288988449611e+06 -1.144819868286040654e+00 4.593780349705403609e-02
-1.144960274408618472e+00 1.405788000000000000e+06 6.013203288988449611e+06 -1.144980520959159032e+00 4.641507303287324693e-02
-1.144960274408618472e+00 1.405788000000000000e+06 6.013203288988449611e+06 -1.144632014783255380e+00 4.656236413464433233e-02
-1.144960274408618472e+00 1.405788000000000000e+06 6.013203288988449611e+06 -1.145057451620109301e+00 4.605487544013554119e-02
-1.144960274408618472e+00 1.405788000000000000e+06 6.013203288988449611e+06 -1.144922458150239297e+00 4.629329168585745446e-02
-1.144960274408618472e+00 1.405788000000000000e+06 6.013203288988449611e+06 -1.144871047553480681e+00 4.599047234708342202e-02
-1.144960274408618472e+00 1.405788000000000000e+06 6.013203288988449611e+06 -1.145070287837215650e+00 4.608394322474181765e-02
-1.144960274408618472e+00 1.405788000000000000e+06 6.013203288988449611e+06 -1.145291910300923366e+00 4.588342992232993106e-02
-1.144960274408618472e+00 1.405788000000000000e+06 6.013203288988449611e+06 -1.144688713944142178e+00 4.663185108461065376e-02
-1.144960274408618472e+00 1.405788000000000000e+06 6.013203288988449611e+06 -1.144749315827209513e+00 4.611538151168935451e-02
-1.144960274408618472e+00 1.405788000000000000e+06 6.013203288988449611e+06 -1.144851883924266511e+00 4.641852776262345159e-02
-1.144960274408618472e+00 1.405788000000000000e+06 6.013203288988449611e+06 -1.144375209774247004e+00 4.659680239759656645e-02
-1.144960274408618472e+00 1.405788000000000000e+06 6.013203288988449611e+06 -1.144721990796689903e+00 4.599862833898879511e-02
-1.144960274408618472e+00 1.405788000000000000e+06 6.013203288988449611e+06 -1.144910697059669857e+00 4.652353797940674690e-02
-1.144960274408618472e+00 1.405788000000000000e+06 6.013203288988449611e+06 -1.145029909771682286e+00 4.565508487601623033e-02
-1.144960274408618472e+00 1.405788000000000000e+06 6.013203288988449611e+06 -1.145471566977469768e+00 4.528198851624526400e-02
-1.144960274408618472e+00 1.405788000000000000e+06 6.013203288988449611e+06 -1.144845945333225590e+00 4.618248200387558428e-02
-1.144960274408618472e+00 1.405788000000000000e+06 6.013203288988449611e+06 -1.144817877231926184e+00 4.632238899527026804e-02
-1.144960274408618472e+00 1.405788000000000000e+06 6.013203288988449611e+06 -1.145428952870644723e+00 4.551968377646126857e-02
-1.144960274408618472e+00 1.405788000000000000e+06 6.013203288988449611e+06 -1.145058396143733725e+00 4.553557116468733706e-02
-1.144960274408618472e+00 1.405788000000000000e+06 6.013203288988449611e+06 -1.145387572235729623e+00 4.547083421476121046e-02
-1.144960274408618472e+00 1.405788000000000000e+06 6.013203288988449611e+06 -1.144853550178349666e+00 4.605004711062681694e-02
-1.144960274408618472e+00 1.405788000000000000e+06 6.013203288988449611e+06 -1.144403638527350386e+00 4.654643291814090922e-02
-1.144960274408618472e+00 1.405788000000000000e+06 6.013203288988449611e+06 -1.144601356390936742e+00 4.657185166239127816e-02
-1.144960274408618472e+00 1.405788000000000000e+06 6.013203288988449611e+06 -1.144699298754937811e+00 4.659101863649726255e-02
-1.144960274408618472e+00 1.405788000000000000e+06 6.013203288988449611e+06 -1.145001070430335277e+00 4.640818824064039255e-02
-1.144960274408618472e+00 1.405788000000000000e+06 6.013203288988449611e+06 -1.145012267708985343e+00 4.565337224562213830e-02
-1.144960274408618472e+00 1.277988000000000000e+06 6.013203288988449611e+06 -1.145647699038278677e+00 4.506807271300190126e-02
-1.144960274408618472e+00 1.405788000000000000e+06 6.013203288988449611e+06 -1.145167285250784817e+00 4.616779729865466003e-02
-1.144960274408618472e+00 1.277988000000000000e+06 6.013203288988449611e+06 -1.145531056628483757e+00 4.504433966276846085e-02
-1.144960274408618472e+00 1.405788000000000000e+06 6.013203288988449611e+06 -1.145231856011088123e+00 4.573999886098969320e-02
-1.144960274408618472e+00 1.405788000000000000e+06 6.013203288988449611e+06 -1.145006070473022053e+00 4.601752829059675004e-02
-1.144960274408618472e+00 1.405788000000000000e+06 6.013203288988449611e+06 -1.145193917146898333e+00 4.577490874939132981e-02
-1.144960274408618472e+00 1.405788000000000000e+06 6.013203288988449611e+06 -1.144961169108103194e+00 4.639422661981729146e-02
-1.144960274408618472e+00 1.405788000000000000e+06 6.013203288988449611e+06 -1.144654866450782071e+00 4.678067734425934293e-02
-1.144960274408618472e+00 1.405788000000000000e+06 6.013203288988449611e+06 -1.144790321298882807e+00 4.620458624761900057e-02
-1.144960274408618472e+00 1.405788000000000000e+06 6.013203288988449611e+06 -1.144479530767170461e+00 4.670101890396502475e-02
-1.144960274408618472e+00 1.405788000000000000e+06 6.013203288988449611e+06 -1.144958282613107281e+00 4.613687279335870056e-02
-1.144960274408618472e+00 1.405788000000000000e+06 6.013203288988449611e+06 -1.145598566354334213e+00 4.543684952087997247e-02
-1.144960274408618472e+00 1.405788000000000000e+06 6.013203288988449611e+06 -1.145354676948522776e+00 4.548316813696264699e-02
-1.144960274408618472e+00 1.405788000000000000e+06 6.013203288988449611e+06 -1.145180488948617015e+00 4.555987889596484902e-02
-1.144960274408618472e+00 1.405788000000000000e+06 6.013203288988449611e+06 -1.145047876207596405e+00 4.576305261685899295e-02
-1.144960274408618472e+00 1.405788000000000000e+06 6.013203288988449611e+06 -1.145084646474516576e+00 4.588351666368084558e-02
-1.144960274408618472e+00 1.405788000000000000e+06 6.013203288988449611e+06 -1.144780739057453589e+00 4.611295756608328744e-02
-1.144960274408618472e+00 1.405788000000000000e+06 6.013203288988449611e+06 -1.144718152095555386e+00 4.594593246363704725e-02
-1.144960274408618472e+00 1.405788000000000000e+06 6.013203288988449611e+06 -1.145155328682636364e+00 4.554322715620938433e-02
-1.144960274408618472e+00 1.405788000000000000e+06 6.013203288988449611e+06 -1.144674823087188154e+00 4.576771693826740817e-02
-1.144960274408618472e+00 1.405788000000000000e+06 6.013203288988449611e+06 -1.145038879118437825e+00 4.622195053117714170e-02
-1.144960274408618472e+00 1.405788000000000000e+06 6.013203288988449611e+06 -1.144789506524548361e+00 4.657236658889227915e-02
-1.144960274408618472e+00 1.405788000000000000e+06 6.013203288988449611e+06 -1.144664346685333900e+00 4.616069551979858077e-02
-1.144960274408618472e+00 1.405788000000000000e+06 6.013203288988449611e+06 -1.144130360906552735e+00 4.683761497825336684e-02
-1.144960274408618472e+00 1.405788000000000000e+06 6.013203288988449611e+06 -1.145155826766292018e+00 4.580000547953157197e-02
-1.144960274408618472e+00 1.405788000000000000e+06 6.013203288988449611e+06 -1.144551807525792775e+00 4.616789145534710287e-02
-1.144960274408618472e+00 1.405788000000000000e+06 6.013203288988449611e+06 -1.144909902772055066e+00 4.608971722781166069e-02
-1.144960274408618472e+00 1.405788000000000000e+06 6.013203288988449611e+06 -1.145160372686429229e+00 4.600239514982541744e-02
-1.144960274408618472e+00 1.405788000000000000e+06 6.013203288988449611e+06 -1.144482561096058060e+00 4.637056678507596452e-02
-1.144960274408618472e+00 1.405788000000000000e+06 6.013203288988449611e+06 -1.144316872955305486e+00 4.670728446114871812e-02
-1.144960274408618472e+00 1.405788000000000000e+06 6.013203288988449611e+06 -1.144646604323071415e+00 4.635008647831528883e-02
-1.144960274408618472e+00 1.405788000000000000e+06 6.013203288988449611e+06 -1.144629777888359401e+00 4.661839165037010013e-02
-1.144960274408618472e+00 1.405788000000000000e+06 6.013203288988449611e+06 -1.144382721148639925e+00 4.665281686739415623e-02
-1.144960274408618472e+00 1.405788000000000000e+06 6.013203288988449611e+06 -1.145237541505641943e+00 4.552561007270008314e-02
-1.144960274408618472e+00 1.405788000000000000e+06 6.013203288988449611e+06 -1.145094870633475370e+00 4.583081156066743517e-02
-1.144960274408618472e+00 1.405788000000000000e+06 6.013203288988449611e+06 -1.144495419080333587e+00 4.662318725630028304e-02
-1.144960274408618472e+00 1.405788000000000000e+06 6.013203288988449611e+06 -1.144884504774625666e+00 4.613748436395816166e-02
-1.144960274408618472e+00 1.405788000000000000e+06 6.013203288988449611e+06 -1.145285221383400165e+00 4.576965824726023785e-02
-1.144960274408618472e+00 1.405788000000000000e+06 6.013203288988449611e+06 -1.145124172206690494e+00 4.565794128917356060e-02
-1.144960274408618472e+00 1.405788000000000000e+06 6.013203288988449611e+06 -1.144727287470153509e+00 4.640613543712775874e-02
-1.144960274408618472e+00 1.405788000000000000e+06 6.013203288988449611e+06 -1.144943505278251950e+00 4.600159096252439545e-02
-1.144960274408618472e+00 1.405788000000000000e+06 6.013203288988449611e+06 -1.144546475427380638e+00 4.635836329173161074e-02
-1.144960274408618472e+00 1.405788000000000000e+06 6.013203288988449611e+06 -1.145053057216395498e+00 4.590847371079365830e-02
-1.144960274408618472e+00 1.405788000000000000e+06 6.013203288988449611e+06 -1.145064241690860740e+00 4.637327587239918614e-02
-1.144960274408618472e+00 1.405788000000000000e+06 6.013203288988449611e+06 -1.145192206504897836e+00 4.546368826585526352e-02
-1.144960274408618472e+00 1.405788000000000000e+06 6.013203288988449611e+06 -1.144911454215074897e+00 4.605899979129336047e-02
-1.144960274408618472e+00 1.405788000000000000e+06 6.013203288988449611e+06 -1.144672940442027276e+00 4.622922634190481522e-02
-1.144960274408618472e+00 1.405788000000000000e+06 6.013203288988449611e+06 -1.144618319403855500e+00 4.621429266308695050e-02
-1.144960274408618472e+00 1.405788000000000000e+06 6.013203288988449611e+06 -1.145293597895355564e+00 4.520514880643983907e-02
-1.144960274408618472e+00 1.405788000000000000e+06 6.013203288988449611e+06 -1.144899520267725235e+00 4.641771672760414136e-02
-1.144960274408618472e+00 1.405788000000000000e+06 6.013203288988449611e+06 -1.144689355861698843e+00 4.642767020627398128e-02
-1.144960274408618472e+00 1.405788000000000000e+06 6.013203288988449611e+06 -1.144950323945082005e+00 4.612096503906455702e-02
