# Energy,SamplesEBS,SamplesHoeffding,E_estim,Var_estim
-1.006654778259916228e+00 6.780840000000000000e+05 2.034250338661591988e+06 -1.006169871871142485e+00 4.431215648322300166e-02
-1.006654778259916228e+00 6.780840000000000000e+05 2.034250338661591988e+06 -1.007502845662005431e+00 4.394145117835396297e-02
-1.006654778259916228e+00 6.780840000000000000e+05 2.034250338661591988e+06 -1.006887292721667659e+00 4.405408714366979700e-02
-1.006654778259916228e+00 6.780840000000000000e+05 2.034250338661591988e+06 -1.007099005429825667e+00 4.372630798115431650e-02
-1.006654778259916228e+00 6.780840000000000000e+05 2.034250338661591988e+06 -1.006729615796684962e+00 4.425726312498956538e-02
-1.006654778259916228e+00 6.780840000000000000e+05 2.034250338661591988e+06 -1.006282551716128015e+00 4.416307431496099140e-02
-1.006654778259916228e+00 6.780840000000000000e+05 2.034250338661591988e+06 -1.005991638200985694e+00 4.428490213344498522e-02
-1.006654778259916228e+00 6.780840000000000000e+05 2.034250338661591988e+06 -1.006560914573819021e+00 4.418374951374728909e-02
-1.006654778259916228e+00 6.780840000000000000e+05 2.034250338661591988e+06 -1.006326967452223498e+00 4.437142960647403461e-02
-1.006654778259916228e+00 6.780840000000000000e+05 2.034250338661591988e+06 -1.006503719889981774e+00 4.418023067771694595e-02
-1.006654778259916228e+00 6.780840000000000000e+05 2.034250338661591988e+06 -1.006322462700599774e+00 4.402337809833568871e-02
-1.006654778259916228e+00 6.780840000000000000e+05 2.034250338661591988e+06 -1.005947548973106009e+00 4.435095355038155829e-02
-1.006654778259916228e+00 6.780840000000000000e+05 2.034250338661591988e+06 -1.006798187832001146e+00 4.407429486060274876e-02
-1.006654778259916228e+00 6.780840000000000000e+05 2.034250338661591988e+06 -1.005945085561491537e+00 4.421072995788535853e-02
-1.006654778259916228e+00 6.780840000000000000e+05 2.034250338661591988e+06 -1.005781496979536005e+00 4.435164464748364566e-02
-1.006654778259916228e+00 6.780840000000000000e+05 2.034250338661591988e+06 -1.007343201724080650e+00 4.383933444421980741e-02
-1.006654778259916228e+00 6.780840000000000000e+05 2.034250338661591988e+06 -1.006804561378633611e+00 4.395356027862717951e-02
-1.006654778259916228e+00 6.780840000000000000e+05 2.034250338661591988e+06 -1.006631899584537360e+00 4.412482140504328521e-02
-1.006654778259916228e+00 6.780840000000000000e+05 2.034250338661591988e+06 -1.006853813683661336e+00 4.405457553850811170e-02
-1.006654778259916228e+00 6.780840000000000000e+05 2.034250338661591988e+06 -1.006998719624522920e+00 4.402985921004894804e-02
-1.006654778259916228e+00 6.780840000000000000e+05 2.034250338661591988e+06 -1.006928650429552263e+00 4.401343543534987773e-02
-1.006654778259916228e+00 6.780840000000000000e+05 2.034250338661591988e+06 -1.006589055335144423e+00 4.415706293427403700e-02
-1.006654778259916228e+00 6.780840000000000000e+05 2.034250338661591988e+06 -1.007485755743943390e+00 4.373535674206682766e-02
-1.006654778259916228e+00 6.780840000000000000e+05 2.034250338661591988e+06 -1.007291318771539324e+00 4.376676762106079810e-02
-1.006654778259916228e+00 6.780840000000000000e+05 2.034250338661591988e+06 -1.005808050326926217e+00 4.425733378327188078e-02
-1.006654778259916228e+00 6.780840000000000000e+05 2.034250338661591988e+06 -1.006905606381905960e+00 4.377262361176092326e-02
-1.006654778259916228e+00 6.780840000000000000e+05 2.034250338661591988e+06 -1.007740997572384556e+00 4.385724207944895897e-02
-1.006654778259916228e+00 6.780840000000000000e+05 2.034250338661591988e+06 -1.006972583039674518e+00 4.396146349939140247e-02
-1.006654778259916228e+00 6.780840000000000000e+05 2.034250338661591988e+06 -1.008056051459524260e+00 4.369655104404746720e-02
-1.006654778259916228e+00 6.780840000000000000e+05 2.034250338661591988e+06 -1.006749466434654350e+00 4.397149727884560461e-02
-1.006654778259916228e+00 6.780840000000000000e+05 2.034250338661591988e+06 -1.006844692689815135e+00 4.405608619644293261e-02
-1.006654778259916228e+00 6.780840000000000000e+05 2.034250338661591988e+06 -1.006532073014373641e+00 4.418051844925537097e-02
-1.006654778259916228e+00 6.780840000000000000e+05 2.034250338661591988e+06 -1.006706287713434067e+00 4.395537125557519298e-02
-1.006654778259916228e+00 6.780840000000000000e+05 2.034250338661591988e+06 -1.006418129609123691e+00 4.411570881243694064e-02
-1.006654778259916228e+00 6.780840000000000000e+05 2.034250338661591988e+06 -1.006682625158345834e+00 4.391992727543867631e-02
-1.006654778259916228e+00 6.780840000000000000e+05 2.034250338661591988e+06 -1.006653228800375111e+00 4.423426067396228623e-02
-1.006654778259916228e+00 6.780840000000000000e+05 2.034250338661591988e+06 -1.006684565625910688e+00 4.439810848914308578e-02
-1.006654778259916228e+00 6.780840000000000000e+05 2.034250338661591988e+06 -1.006202727092620819e+00 4.416017856344089249e-02
-1.006654778259916228e+00 6.780840000000000000e+05 2.034250338661591988e+06 -1.006879467142530293e+00 4.412319396331915861e-02
-1.006654778259916228e+00 6.780840000000000000e+05 2.034250338661591988e+06 -1.006966599710183541e+00 4.395181130487903209e-02
-1.006654778259916228e+00 6.780840000000000000e+05 2.034250338661591988e+06 -1.007178739799018174e+00 4.386603248725427784e-02
-1.006654778259916228e+00 6.780840000000000000e+05 2.034250338661591988e+06 -1.006299803561021111e+00 4.421724156614613432e-02
-1.006654778259916228e+00 6.780840000000000000e+05 2.034250338661591988e+06 -1.005965031762845685e+00 4.429870431045062479e-02
-1.006654778259916228e+00 6.780840000000000000e+05 2.034250338661591988e+06 -1.006794535187192974e+00 4.416289593495454496e-02
-1.006654778259916228e+00 6.780840000000000000e+05 2.034250338661591988e+06 -1.006763328434044924e+00 4.400855283464734369e-02
-1.006654778259916228e+00 6.780840000000000000e+05 2.034250338661591988e+06 -1.006558549380131673e+00 4.409359775429042005e-02
-1.006654778259916228e+00 6.780840000000000000e+05 2.034250338661591988e+06 -1.006738253664555272e+00 4.398970277853336136e-02
-1.006654778259916228e+00 6.780840000000000000e+05 2.034250338661591988e+06 -1.006366727128020999e+00 4.418905683218418007e-02
-1.006654778259916228e+00 6.780840000000000000e+05 2.034250338661591988e+06 -1.006761563166028051e+00 4.414852499085774457e-02
-1.006654778259916228e+00 6.780840000000000000e+05 2.034250338661591988e+06 -1.006771666339085547e+00 4.392749104357287354e-02
-1.006654778259916228e+00 6.780840000000000000e+05 2.034250338661591988e+06 -1.007092446065497526e+00 4.396314600336424794e-02
-1.006654778259916228e+00 6.780840000000000000e+05 2.034250338661591988e+06 -1.007175971115488178e+00 4.375456675164607345e-02
-1.006654778259916228e+00 6.780840000000000000e+05 2.034250338661591988e+06 -1.006438617336318675e+00 4.418236483891207350e-02
-1.006654778259916228e+00 6.780840000000000000e+05 2.034250338661591988e+06 -1.006789749054505023e+00 4.412966455498076174e-02
-1.006654778259916228e+00 6.780840000000000000e+05 2.034250338661591988e+06 -1.006383164029647004e+00 4.408626307676768996e-02
-1.006654778259916228e+00 6.780840000000000000e+05 2.034250338661591988e+06 -1.007039493333977909e+00 4.405094492984815147e-02
-1.006654778259916228e+00 6.780840000000000000e+05 2.034250338661591988e+06 -1.006307682230932476e+00 4.425971079446475165e-02
-1.006654778259916228e+00 6.780840000000000000e+05 2.034250338661591988e+06 -1.006633264017256835e+00 4.413467956988016694e-02
-1.006654778259916228e+00 6.780840000000000000e+05 2.034250338661591988e+06 -1.006848878896823951e+00 4.387603794903134624e-02
-1.006654778259916228e+00 6.780840000000000000e+05 2.034250338661591988e+06 -1.006150560104462688e+00 4.418582172996630281e-02
-1.006654778259916228e+00 6.780840000000000000e+05 2.034250338661591988e+06 -1.006922632591068956e+00 4.407638437682590005e-02
-1.006654778259916228e+00 6.780840000000000000e+05 2.034250338661591988e+06 -1.007320370039520130e+00 4.391285916041921117e-02
-1.006654778259916228e+00 6.780840000000000000e+05 2.034250338661591988e+06 -1.005729550318068100e+00 4.432880643652016561e-02
-1.006654778259916228e+00 6.780840000000000000e+05 2.034250338661591988e+06 -1.006573889957399714e+00 4.418338266520864532e-02
-1.006654778259916228e+00 6.780840000000000000e+05 2.034250338661591988e+06 -1.006429830814290716e+00 4.420217928487633896e-02
-1.006654778259916228e+00 6.780840000000000000e+05 2.034250338661591988e+06 -1.006502735056244546e+00 4.416976565007278699e-02
-1.006654778259916228e+00 6.780840000000000000e+05 2.034250338661591988e+06 -1.006209851873630656e+00 4.431560211789609127e-02
-1.006654778259916228e+00 6.780840000000000000e+05 2.034250338661591988e+06 -1.006873284722654915e+00 4.396822052233838318e-02
-1.006654778259916228e+00 6.780840000000000000e+05 2.034250338661591988e+06 -1.006716916485099533e+00 4.399979726350380926e-02
-1.006654778259916228e+00 6.780840000000000000e+05 2.034250338661591988e+06 -1.007200568068071567e+00 4.390373897422428229e-02
-1.006654778259916228e+00 6.780840000000000000e+05 2.034250338661591988e+06 -1.007189161516675036e+00 4.373663219017099452e-02
-1.006654778259916228e+00 6.780840000000000000e+05 2.034250338661591988e+06 -1.006955774502681145e+00 4.395665450354675763e-02
-1.006654778259916228e+00 6.780840000000000000e+05 2.034250338661591988e+06 -1.007439747284816667e+00 4.385546966774060001e-02
-1.006654778259916228e+00 6.780840000000000000e+05 2.034250338661591988e+06 -1.006521125698101482e+00 4.402957748607337629e-02
-1.006654778259916228e+00 6.780840000000000000e+05 2.034250338661591988e+06 -1.006621244267493553e+00 4.395207438168687031e-02
-1.006654778259916228e+00 6.780840000000000000e+05 2.034250338661591988e+06 -1.006559863376621067e+00 4.420207981046826717e-02
-1.006654778259916228e+00 6.780840000000000000e+05 2.034250338661591988e+06 -1.006681443888770566e+00 4.416801420950518253e-02
-1.006654778259916228e+00 6.780840000000000000e+05 2.034250338661591988e+06 -1.005989787987737083e+00 4.424713492206088644e-02
-1.006654778259916228e+00 6.780840000000000000e+05 2.034250338661591988e+06 -1.006467758858604400e+00 4.403836904425638410e-02
-1.006654778259916228e+00 6.780840000000000000e+05 2.034250338661591988e+06 -1.007236866225833971e+00 4.405166084724811137e-02
-1.006654778259916228e+00 6.780840000000000000e+05 2.034250338661591988e+06 -1.006592288562885296e+00 4.414998487348460732e-02
-1.006654778259916228e+00 6.780840000000000000e+05 2.034250338661591988e+06 -1.006338432403475203e+00 4.426862780475512849e-02
-1.006654778259916228e+00 6.780840000000000000e+05 2.034250338661591988e+06 -1.006761658729418585e+00 4.403202534001145890e-02
-1.006654778259916228e+00 6.780840000000000000e+05 2.034250338661591988e+06 -1.006493738825680939e+00 4.422652506992180710e-02
-1.006654778259916228e+00 6.780840000000000000e+05 2.034250338661591988e+06 -1.006534122317988000e+00 4.419472841770201443e-02
-1.006654778259916228e+00 6.780840000000000000e+05 2.034250338661591988e+06 -1.006639223455904064e+00 4.430776139355273313e-02
-1.006654778259916228e+00 6.780840000000000000e+05 2.034250338661591988e+06 -1.006538255434243023e+00 4.411901132684631355e-02
-1.006654778259916228e+00 6.780840000000000000e+05 2.034250338661591988e+06 -1.006372269804146402e+00 4.407803931951848747e-02
-1.006654778259916228e+00 6.780840000000000000e+05 2.034250338661591988e+06 -1.006425764061497086e+00 4.409071705064283170e-02
-1.006654778259916228e+00 6.780840000000000000e+05 2.034250338661591988e+06 -1.006892092127045224e+00 4.410049879167271536e-02
-1.006654778259916228e+00 6.780840000000000000e+05 2.034250338661591988e+06 -1.007832555255501639e+00 4.337186832708192497e-02
-1.006654778259916228e+00 6.780840000000000000e+05 2.034250338661591988e+06 -1.006921727393486954e+00 4.387210225316767742e-02
-1.006654778259916228e+00 6.780840000000000000e+05 2.034250338661591988e+06 -1.006828072625029158e+00 4.395121916069131413e-02
-1.006654778259916228e+00 6.780840000000000000e+05 2.034250338661591988e+06 -1.006413603621199249e+00 4.415763745469068746e-02
-1.006654778259916228e+00 6.780840000000000000e+05 2.034250338661591988e+06 -1.006370310754831188e+00 4.420068201872982827e-02
-1.006654778259916228e+00 6.780840000000000000e+05 2.034250338661591988e+06 -1.006531053671633646e+00 4.397469111174283352e-02
-1.006654778259916228e+00 6.780840000000000000e+05 2.034250338661591988e+06 -1.006662309976164238e+00 4.412979632167277760e-02
-1.006654778259916228e+00 6.780840000000000000e+05 2.034250338661591988e+06 -1.007362627635921770e+00 4.385597868355711054e-02
-1.006654778259916228e+00 6.780840000000000000e+05 2.034250338661591988e+06 -1.006770867323038887e+00 4.421271435893624202e-02
-1.006654778259916228e+00 6.780840000000000000e+05 2.034250338661591988e+06 -1.006168342857049813e+00 4.432522017741433173e-02
