# Energy,SamplesEBS,SamplesHoeffding,E_estim,Var_estim
-1.142678082237200243e+00 1.405788000000000000e+06 5.036096527319371700e+06 -1.142772109457647511e+00 4.762352437889313256e-02
-1.142678082237200243e+00 1.405788000000000000e+06 5.036096527319371700e+06 -1.143131385251722865e+00 4.778011437573410902e-02
-1.142678082237200243e+00 1.405788000000000000e+06 5.036096527319371700e+06 -1.142552716633130849e+00 4.827141443419508127e-02
-1.142678082237200243e+00 1.405788000000000000e+06 5.036096527319371700e+06 -1.142971785511232907e+00 4.818670077617551867e-02
-1.142678082237200243e+00 1.405788000000000000e+06 5.036096527319371700e+06 -1.142795950890371115e+00 4.767862487213406913e-02
-1.142678082237200243e+00 1.405788000000000000e+06 5.036096527319371700e+06 -1.143204122535024458e+00 4.751561077074187983e-02
-1.142678082237200243e+00 1.405788000000000000e+06 5.036096527319371700e+06 -1.142706434547932748e+00 4.776756016713438330e-02
-1.142678082237200243e+00 1.405788000000000000e+06 5.036096527319371700e+06 -1.142844068671990732e+00 4.782844347960403530e-02
-1.142678082237200243e+00 1.405788000000000000e+06 5.036096527319371700e+06 -1.142919489716983872e+00 4.816510477628648673e-02
-1.142678082237200243e+00 1.405788000000000000e+06 5.036096527319371700e+06 -1.142277722395025119e+00 4.798286114738542496e-02
-1.142678082237200243e+00 1.405788000000000000e+06 5.036096527319371700e+06 -1.142351015807692383e+00 4.816241404484942340e-02
-1.142678082237200243e+00 1.405788000000000000e+06 5.036096527319371700e+06 -1.143115904112324221e+00 4.765007125349585843e-02
-1.142678082237200243e+00 1.405788000000000000e+06 5.036096527319371700e+06 -1.142263298029470464e+00 4.826241096773248307e-02
-1.142678082237200243e+00 1.405788000000000000e+06 5.036096527319371700e+06 -1.142399177550431411e+00 4.845293494442653309e-02
-1.142678082237200243e+00 1.405788000000000000e+06 5.036096527319371700e+06 -1.142330471884999366e+00 4.829728896529462967e-02
-1.142678082237200243e+00 1.405788000000000000e+06 5.036096527319371700e+06 -1.142993860817044238e+00 4.761571590900298689e-02
-1.142678082237200243e+00 1.405788000000000000e+06 5.036096527319371700e+06 -1.142294761379565537e+00 4.855633455333564080e-02
-1.142678082237200243e+00 1.405788000000000000e+06 5.036096527319371700e+06 -1.142109645842954047e+00 4.866589431487761824e-02
-1.142678082237200243e+00 1.405788000000000000e+06 5.036096527319371700e+06 -1.143646268861483239e+00 4.738991718269742331e-02
-1.142678082237200243e+00 1.405788000000000000e+06 5.036096527319371700e+06 -1.142330713457698099e+00 4.860880762416507073e-02
-1.142678082237200243e+00 1.405788000000000000e+06 5.036096527319371700e+06 -1.142522222561476841e+00 4.857584338165923249e-02
-1.142678082237200243e+00 1.405788000000000000e+06 5.036096527319371700e+06 -1.141938571399295999e+00 4.916995830216849828e-02
-1.142678082237200243e+00 1.405788000000000000e+06 5.036096527319371700e+06 -1.143051007698351995e+00 4.782383922247366442e-02
-1.142678082237200243e+00 1.405788000000000000e+06 5.036096527319371700e+06 -1.142159671451373537e+00 4.841158521622885430e-02
-1.142678082237200243e+00 1.405788000000000000e+06 5.036096527319371700e+06 -1.142443866365539185e+00 4.855424693840201811e-02
-1.142678082237200243e+00 1.405788000000000000e+06 5.036096527319371700e+06 -1.142971160239130590e+00 4.804654594157748565e-02
-1.142678082237200243e+00 1.405788000000000000e+06 5.036096527319371700e+06 -1.142754833595291730e+00 4.772251100404878432e-02
-1.142678082237200243e+00 1.405788000000000000e+06 5.036096527319371700e+06 -1.142688164652314375e+00 4.826702435826560333e-02
-1.142678082237200243e+00 1.405788000000000000e+06 5.036096527319371700e+06 -1.143015015500389531e+00 4.795849734715187940e-02
-1.142678082237200243e+00 1.405788000000000000e+06 5.036096527319371700e+06 -1.142867347146421242e+00 4.793329487224343155e-02
-1.142678082237200243e+00 1.405788000000000000e+06 5.036096527319371700e+06 -1.142612955303555555e+00 4.767389684710833520e-02
-1.142678082237200243e+00 1.405788000000000000e+06 5.036096527319371700e+06 -1.142288941867674046e+00 4.860607941565374401e-02
-1.142678082237200243e+00 1.405788000000000000e+06 5.036096527319371700e+06 -1.142765182808690883e+00 4.827775004187096625e-02
-1.142678082237200243e+00 1.405788000000000000e+06 5.036096527319371700e+06 -1.142077820987414505e+00 4.888848792277659949e-02
-1.142678082237200243e+00 1.405788000000000000e+06 5.036096527319371700e+06 -1.142912057728661113e+00 4.781814933746935531e-02
-1.142678082237200243e+00 1.405788000000000000e+06 5.036096527319371700e+06 -1.142457501138336662e+00 4.826446943711094201e-02
-1.142678082237200243e+00 1.405788000000000000e+06 5.036096527319371700e+06 -1.142888567558035362e+00 4.807059867773676859e-02
-1.142678082237200243e+00 1.405788000000000000e+06 5.036096527319371700e+06 -1.143075320325879218e+00 4.748646145781353772e-02
-1.142678082237200243e+00 1.405788000000000000e+06 5.036096527319371700e+06 -1.142579968252871669e+00 4.790709985041716884e-02
-1.142678082237200243e+00 1.405788000000000000e+06 5.036096527319371700e+06 -1.142370189680279147e+00 4.889522461968035666e-02
-1.142678082237200243e+00 1.405788000000000000e+06 5.036096527319371700e+06 -1.142683167597279947e+00 4.840485363239715316e-02
-1.142678082237200243e+00 1.405788000000000000e+06 5.036096527319371700e+06 -1.142967270747975439e+00 4.773763062789330991e-02
-1.142678082237200243e+00 1.405788000000000000e+06 5.036096527319371700e+06 -1.143016496093470780e+00 4.800150571842543012e-02
-1.142678082237200243e+00 1.405788000000000000e+06 5.036096527319371700e+06 -1.142746682010560066e+00 4.807510506136877804e-02
-1.142678082237200243e+00 1.405788000000000000e+06 5.036096527319371700e+06 -1.142179440292755421e+00 4.833005460878520704e-02
-1.142678082237200243e+00 1.405788000000000000e+06 5.036096527319371700e+06 -1.143065154212632217e+00 4.746519721383594959e-02
-1.142678082237200243e+00 1.405788000000000000e+06 5.036096527319371700e+06 -1.142525910599791361e+00 4.837650559405222428e-02
-1.142678082237200243e+00 1.405788000000000000e+06 5.036096527319371700e+06 -1.142536935875296367e+00 4.858498029930698181e-02
-1.142678082237200243e+00 1.405788000000000000e+06 5.036096527319371700e+06 -1.142578020306226350e+00 4.849305365660743633e-02
-1.142678082237200243e+00 1.405788000000000000e+06 5.036096527319371700e+06 -1.142731208126877007e+00 4.788273628701229800e-02
-1.142678082237200243e+00 1.405788000000000000e+06 5.036096527319371700e+06 -1.142490353744848974e+00 4.876340777523831965e-02
-1.142678082237200243e+00 1.405788000000000000e+06 5.036096527319371700e+06 -1.142767164046264439e+00 4.817730470841466439e-02
-1.142678082237200243e+00 1.405788000000000000e+06 5.036096527319371700e+06 -1.142961849446903377e+00 4.772690291448903471e-02
-1.142678082237200243e+00 1.405788000000000000e+06 5.036096527319371700e+06 -1.143059872050591563e+00 4.735330548870949480e-02
-1.142678082237200243e+00 1.405788000000000000e+06 5.036096527319371700e+06 -1.142684538501010261e+00 4.841268073039291242e-02
-1.142678082237200243e+00 1.405788000000000000e+06 5.036096527319371700e+06 -1.142965629675487094e+00 4.823139772826943311e-02
-1.142678082237200243e+00 1.405788000000000000e+06 5.036096527319371700e+06 -1.142567385985837847e+00 4.800600941795661603e-02
-1.142678082237200243e+00 1.405788000000000000e+06 5.036096527319371700e+06 -1.143116920339517728e+00 4.761907683300466848e-02
-1.142678082237200243e+00 1.405788000000000000e+06 5.036096527319371700e+06 -1.141482117652363737e+00 4.931731544039767712e-02
-1.142678082237200243e+00 1.405788000000000000e+06 5.036096527319371700e+06 -1.143173164097483152e+00 4.758734515394618531e-02
-1.142678082237200243e+00 1.405788000000000000e+06 5.036096527319371700e+06 -1.142698136995224267e+00 4.833405090744299915e-02
-1.142678082237200243e+00 1.405788000000000000e+06 5.036096527319371700e+06 -1.143169197781078283e+00 4.754411857473146014e-02
-1.142678082237200243e+00 1.405788000000000000e+06 5.036096527319371700e+06 -1.142505286010597976e+00 4.794281884899857793e-02
-1.142678082237200243e+00 1.405788000000000000e+06 5.036096527319371700e+06 -1.143102170320326572e+00 4.771330398163216302e-02
-1.142678082237200243e+00 1.405788000000000000e+06 5.036096527319371700e+06 -1.142274370680550044e+00 4.853106740805377545e-02
-1.142678082237200243e+00 1.405788000000000000e+06 5.036096527319371700e+06 -1.142952535666999614e+00 4.834089039950780625e-02
-1.142678082237200243e+00 1.405788000000000000e+06 5.036096527319371700e+06 -1.142691626482988276e+00 4.828089204038473609e-02
-1.142678082237200243e+00 1.405788000000000000e+06 5.036096527319371700e+06 -1.142484570511523856e+00 4.843266884725900417e-02
-1.142678082237200243e+00 1.405788000000000000e+06 5.036096527319371700e+06 -1.142817920774864993e+00 4.801446650337271721e-02
-1.142678082237200243e+00 1.405788000000000000e+06 5.036096527319371700e+06 -1.142295686270088817e+00 4.873662523868264873e-02
-1.142678082237200243e+00 1.405788000000000000e+06 5.036096527319371700e+06 -1.143320196509189701e+00 4.759403146013092833e-02
-1.142678082237200243e+00 1.405788000000000000e+06 5.036096527319371700e+06 -1.142375003635168307e+00 4.838464497242220275e-02
-1.142678082237200243e+00 1.405788000000000000e+06 5.036096527319371700e+06 -1.142374093256076417e+00 4.836332038117571036e-02
-1.142678082237200243e+00 1.405788000000000000e+06 5.036096527319371700e+06 -1.142714283526579111e+00 4.843918336968385668e-02
-1.142678082237200243e+00 1.405788000000000000e+06 5.036096527319371700e+06 -1.143178329314413766e+00 4.770344030230380672e-02
-1.142678082237200243e+00 1.405788000000000000e+06 5.036096527319371700e+06 -1.142487286710546668e+00 4.859921753903048702e-02
-1.142678082237200243e+00 1.405788000000000000e+06 5.036096527319371700e+06 -1.142678313095769616e+00 4.828080823689617079e-02
-1.142678082237200243e+00 1.405788000000000000e+06 5.036096527319371700e+06 -1.143144256040210305e+00 4.747682807936404181e-02
-1.142678082237200243e+00 1.405788000000000000e+06 5.036096527319371700e+06 -1.142348545022628947e+00 4.859437254366456849e-02
-1.142678082237200243e+00 1.405788000000000000e+06 5.036096527319371700e+06 -1.142780839365723278e+00 4.825282631424675922e-02
-1.142678082237200243e+00 1.405788000000000000e+06 5.036096527319371700e+06 -1.142756629171866045e+00 4.857992978968439512e-02
-1.142678082237200243e+00 1.405788000000000000e+06 5.036096527319371700e+06 -1.142356601856222786e+00 4.869596143255203874e-02
-1.142678082237200243e+00 1.405788000000000000e+06 5.036096527319371700e+06 -1.142611778596961836e+00 4.804047613992697835e-02
-1.142678082237200243e+00 1.405788000000000000e+06 5.036096527319371700e+06 -1.142141248332064984e+00 4.938563838760337554e-02
-1.142678082237200243e+00 1.405788000000000000e+06 5.036096527319371700e+06 -1.142792866356989068e+00 4.842340479696476824e-02
-1.142678082237200243e+00 1.405788000000000000e+06 5.036096527319371700e+06 -1.142700724725390415e+00 4.815911259214113171e-02
-1.142678082237200243e+00 1.405788000000000000e+06 5.036096527319371700e+06 -1.142754629154797641e+00 4.798934413160255846e-02
-1.142678082237200243e+00 1.405788000000000000e+06 5.036096527319371700e+06 -1.142738328972985107e+00 4.770675640598034256e-02
-1.142678082237200243e+00 1.405788000000000000e+06 5.036096527319371700e+06 -1.142887134767292867e+00 4.841223053169767254e-02
-1.142678082237200243e+00 1.405788000000000000e+06 5.036096527319371700e+06 -1.142560301845132242e+00 4.833235949226810657e-02
-1.142678082237200243e+00 1.405788000000000000e+06 5.036096527319371700e+06 -1.142774529879518886e+00 4.818058661515556285e-02
-1.142678082237200243e+00 1.405788000000000000e+06 5.036096527319371700e+06 -1.142935340044333614e+00 4.811236833445001193e-02
-1.142678082237200243e+00 1.405788000000000000e+06 5.036096527319371700e+06 -1.142580626815897782e+00 4.852218082276901767e-02
-1.142678082237200243e+00 1.405788000000000000e+06 5.036096527319371700e+06 -1.142734951223258744e+00 4.777297256003136539e-02
-1.142678082237200243e+00 1.405788000000000000e+06 5.036096527319371700e+06 -1.142492806177227038e+00 4.815934159645168106e-02
-1.142678082237200243e+00 1.405788000000000000e+06 5.036096527319371700e+06 -1.142323058676176117e+00 4.855385004049567882e-02
-1.142678082237200243e+00 1.405788000000000000e+06 5.036096527319371700e+06 -1.143036915815367260e+00 4.794936905909908537e-02
-1.142678082237200243e+00 1.405788000000000000e+06 5.036096527319371700e+06 -1.142614381692176106e+00 4.842849561416190385e-02
-1.142678082237200243e+00 1.405788000000000000e+06 5.036096527319371700e+06 -1.142357289015324850e+00 4.853880083998691336e-02
-1.142678082237200243e+00 1.405788000000000000e+06 5.036096527319371700e+06 -1.142756047434074773e+00 4.800462744961489503e-02
