# Energy,SamplesEBS,SamplesHoeffding,E_estim,Var_estim
-1.128556625052992146e+00 1.405788000000000000e+06 4.274891816138793714e+06 -1.128336981115651172e+00 4.993936445004060892e-02
-1.128556625052992146e+00 1.405788000000000000e+06 4.274891816138793714e+06 -1.128466050079122818e+00 4.997381603409623702e-02
-1.128556625052992146e+00 1.405788000000000000e+06 4.274891816138793714e+06 -1.128555738424700472e+00 5.010540880594054058e-02
-1.128556625052992146e+00 1.405788000000000000e+06 4.274891816138793714e+06 -1.128636159085581125e+00 4.951282539736986260e-02
-1.128556625052992146e+00 1.405788000000000000e+06 4.274891816138793714e+06 -1.128748925733206621e+00 4.942555023666213992e-02
-1.128556625052992146e+00 1.405788000000000000e+06 4.274891816138793714e+06 -1.128632307580236915e+00 4.985851516573672898e-02
-1.128556625052992146e+00 1.405788000000000000e+06 4.274891816138793714e+06 -1.128848793423043562e+00 4.961365998708475167e-02
-1.128556625052992146e+00 1.405788000000000000e+06 4.274891816138793714e+06 -1.129328723255976330e+00 4.942507142789968888e-02
-1.128556625052992146e+00 1.405788000000000000e+06 4.274891816138793714e+06 -1.128859856257555139e+00 4.943198921236369864e-02
-1.128556625052992146e+00 1.405788000000000000e+06 4.274891816138793714e+06 -1.128236273469872319e+00 5.036825199636613126e-02
-1.128556625052992146e+00 1.405788000000000000e+06 4.274891816138793714e+06 -1.128611933526678213e+00 4.954404143686236273e-02
-1.128556625052992146e+00 1.405788000000000000e+06 4.274891816138793714e+06 -1.128382656281469609e+00 5.014858066177554918e-02
-1.128556625052992146e+00 1.405788000000000000e+06 4.274891816138793714e+06 -1.128525512814585463e+00 4.976499146305220223e-02
-1.128556625052992146e+00 1.405788000000000000e+06 4.274891816138793714e+06 -1.128655588188698822e+00 5.004429273145674650e-02
-1.128556625052992146e+00 1.405788000000000000e+06 4.274891816138793714e+06 -1.128294573583346949e+00 5.013872278756983242e-02
-1.128556625052992146e+00 1.405788000000000000e+06 4.274891816138793714e+06 -1.128517502502969450e+00 5.015149948713131661e-02
-1.128556625052992146e+00 1.405788000000000000e+06 4.274891816138793714e+06 -1.128435670818511261e+00 4.995442004817576831e-02
-1.128556625052992146e+00 1.405788000000000000e+06 4.274891816138793714e+06 -1.128743089575809710e+00 4.956557262162974292e-02
-1.128556625052992146e+00 1.405788000000000000e+06 4.274891816138793714e+06 -1.128154897615136543e+00 5.050308830689671097e-02
-1.128556625052992146e+00 1.405788000000000000e+06 4.274891816138793714e+06 -1.127988312326339226e+00 5.050960363364875860e-02
-1.128556625052992146e+00 1.405788000000000000e+06 4.274891816138793714e+06 -1.128357913432626702e+00 5.004596710537991683e-02
-1.128556625052992146e+00 1.405788000000000000e+06 4.274891816138793714e+06 -1.128455681232587438e+00 5.013791129202214286e-02
-1.128556625052992146e+00 1.405788000000000000e+06 4.274891816138793714e+06 -1.128766388110178820e+00 4.963457930613694030e-02
-1.128556625052992146e+00 1.405788000000000000e+06 4.274891816138793714e+06 -1.128410705176466466e+00 5.005187725225203332e-02
-1.128556625052992146e+00 1.405788000000000000e+06 4.274891816138793714e+06 -1.128846437449033902e+00 4.936357478552281380e-02
-1.128556625052992146e+00 1.405788000000000000e+06 4.274891816138793714e+06 -1.128390620497985219e+00 5.005477445908614043e-02
-1.128556625052992146e+00 1.405788000000000000e+06 4.274891816138793714e+06 -1.129327806474774265e+00 4.943447529530143464e-02
-1.128556625052992146e+00 1.405788000000000000e+06 4.274891816138793714e+06 -1.128456892510543152e+00 4.977952734294834036e-02
-1.128556625052992146e+00 1.405788000000000000e+06 4.274891816138793714e+06 -1.129128762522230600e+00 4.920089023105079368e-02
-1.128556625052992146e+00 1.405788000000000000e+06 4.274891816138793714e+06 -1.128673188851086806e+00 4.968470543577077625e-02
-1.128556625052992146e+00 1.405788000000000000e+06 4.274891816138793714e+06 -1.128380817597401720e+00 4.995999829254026831e-02
-1.128556625052992146e+00 1.405788000000000000e+06 4.274891816138793714e+06 -1.128453166486410364e+00 5.007454083682374990e-02
-1.128556625052992146e+00 1.405788000000000000e+06 4.274891816138793714e+06 -1.128503597134542069e+00 4.982257621250051061e-02
-1.128556625052992146e+00 1.405788000000000000e+06 4.274891816138793714e+06 -1.128509430731124530e+00 4.970228510650848835e-02
-1.128556625052992146e+00 1.405788000000000000e+06 4.274891816138793714e+06 -1.128592058837213141e+00 4.971758948526780464e-02
-1.128556625052992146e+00 1.405788000000000000e+06 4.274891816138793714e+06 -1.128628159017315946e+00 4.963559393940530917e-02
-1.128556625052992146e+00 1.405788000000000000e+06 4.274891816138793714e+06 -1.128719432523692445e+00 4.949892788383825765e-02
-1.128556625052992146e+00 1.405788000000000000e+06 4.274891816138793714e+06 -1.128793115611032682e+00 4.934659143292215860e-02
-1.128556625052992146e+00 1.405788000000000000e+06 4.274891816138793714e+06 -1.129254802010383418e+00 4.898476321746041834e-02
-1.128556625052992146e+00 1.405788000000000000e+06 4.274891816138793714e+06 -1.129199564663096123e+00 4.934668968894453944e-02
-1.128556625052992146e+00 1.405788000000000000e+06 4.274891816138793714e+06 -1.128530025016995175e+00 4.976836878805871583e-02
-1.128556625052992146e+00 1.405788000000000000e+06 4.274891816138793714e+06 -1.128717007406944584e+00 4.985029761174895879e-02
-1.128556625052992146e+00 1.405788000000000000e+06 4.274891816138793714e+06 -1.128219318139476623e+00 5.023931543513164566e-02
-1.128556625052992146e+00 1.405788000000000000e+06 4.274891816138793714e+06 -1.128508127262854321e+00 4.980225837178817866e-02
-1.128556625052992146e+00 1.405788000000000000e+06 4.274891816138793714e+06 -1.129054021807411656e+00 4.947568684187892557e-02
-1.128556625052992146e+00 1.405788000000000000e+06 4.274891816138793714e+06 -1.128493141219445439e+00 5.010473824824317191e-02
-1.128556625052992146e+00 1.405788000000000000e+06 4.274891816138793714e+06 -1.128781394640309355e+00 4.976351183984249055e-02
-1.128556625052992146e+00 1.405788000000000000e+06 4.274891816138793714e+06 -1.128455814396367218e+00 5.007752950716197471e-02
-1.128556625052992146e+00 1.405788000000000000e+06 4.274891816138793714e+06 -1.129095638039733451e+00 4.929759509035367554e-02
-1.128556625052992146e+00 1.405788000000000000e+06 4.274891816138793714e+06 -1.128647721284117944e+00 4.919305021807116041e-02
-1.128556625052992146e+00 1.405788000000000000e+06 4.274891816138793714e+06 -1.128502006852082573e+00 4.981140052674964958e-02
-1.128556625052992146e+00 1.405788000000000000e+06 4.274891816138793714e+06 -1.128830777904339389e+00 4.979052899998696186e-02
-1.128556625052992146e+00 1.405788000000000000e+06 4.274891816138793714e+06 -1.128359104223833231e+00 5.000283148554537926e-02
-1.128556625052992146e+00 1.405788000000000000e+06 4.274891816138793714e+06 -1.128916765834253821e+00 4.966392725214956172e-02
-1.128556625052992146e+00 1.405788000000000000e+06 4.274891816138793714e+06 -1.128752897598061855e+00 4.953275714003632646e-02
-1.128556625052992146e+00 1.405788000000000000e+06 4.274891816138793714e+06 -1.128576447948484329e+00 4.982496507608830810e-02
-1.128556625052992146e+00 1.405788000000000000e+06 4.274891816138793714e+06 -1.128198634224110597e+00 5.018415470674327666e-02
-1.128556625052992146e+00 1.405788000000000000e+06 4.274891816138793714e+06 -1.128091496305763108e+00 5.033233885533269086e-02
-1.128556625052992146e+00 1.405788000000000000e+06 4.274891816138793714e+06 -1.128582983215566493e+00 4.994875345641330150e-02
-1.128556625052992146e+00 1.405788000000000000e+06 4.274891816138793714e+06 -1.129071566131305993e+00 4.935732447675900830e-02
-1.128556625052992146e+00 1.405788000000000000e+06 4.274891816138793714e+06 -1.128337559865782991e+00 4.995440920251133232e-02
-1.128556625052992146e+00 1.405788000000000000e+06 4.274891816138793714e+06 -1.128101089217333097e+00 5.010536349462595823e-02
-1.128556625052992146e+00 1.405788000000000000e+06 4.274891816138793714e+06 -1.128538801020204430e+00 4.952140800785325564e-02
-1.128556625052992146e+00 1.405788000000000000e+06 4.274891816138793714e+06 -1.128392144198573366e+00 5.021771574968085516e-02
-1.128556625052992146e+00 1.405788000000000000e+06 4.274891816138793714e+06 -1.128507848131178770e+00 4.994605107928557636e-02
-1.128556625052992146e+00 1.405788000000000000e+06 4.274891816138793714e+06 -1.128487287136199058e+00 5.009077111857025699e-02
-1.128556625052992146e+00 1.405788000000000000e+06 4.274891816138793714e+06 -1.128912230584240062e+00 4.960593131643365600e-02
-1.128556625052992146e+00 1.405788000000000000e+06 4.274891816138793714e+06 -1.128831031427650622e+00 4.948652684276585306e-02
-1.128556625052992146e+00 1.405788000000000000e+06 4.274891816138793714e+06 -1.128600524978594422e+00 4.977865838711413582e-02
-1.128556625052992146e+00 1.405788000000000000e+06 4.274891816138793714e+06 -1.128526455204206247e+00 4.975900549617532503e-02
-1.128556625052992146e+00 1.405788000000000000e+06 4.274891816138793714e+06 -1.128973957103494463e+00 4.931684723862321540e-02
-1.128556625052992146e+00 1.405788000000000000e+06 4.274891816138793714e+06 -1.128953562563203672e+00 4.935678001494350764e-02
-1.128556625052992146e+00 1.405788000000000000e+06 4.274891816138793714e+06 -1.128339565004528922e+00 5.014990315070631116e-02
-1.128556625052992146e+00 1.405788000000000000e+06 4.274891816138793714e+06 -1.128930832535642415e+00 4.942672927524130455e-02
-1.128556625052992146e+00 1.405788000000000000e+06 4.274891816138793714e+06 -1.128588870589709581e+00 4.961981805089196729e-02
-1.128556625052992146e+00 1.405788000000000000e+06 4.274891816138793714e+06 -1.128483463800093345e+00 4.998438906395643450e-02
-1.128556625052992146e+00 1.405788000000000000e+06 4.274891816138793714e+06 -1.128409862659677687e+00 5.019414081059098143e-02
-1.128556625052992146e+00 1.405788000000000000e+06 4.274891816138793714e+06 -1.128608286888630463e+00 4.994469915517660286e-02
-1.128556625052992146e+00 1.405788000000000000e+06 4.274891816138793714e+06 -1.128712277533026498e+00 4.980434889686207595e-02
-1.128556625052992146e+00 1.405788000000000000e+06 4.274891816138793714e+06 -1.128283403193528267e+00 5.020781756715923111e-02
-1.128556625052992146e+00 1.405788000000000000e+06 4.274891816138793714e+06 -1.128659608709574380e+00 5.000611804484894618e-02
-1.128556625052992146e+00 1.405788000000000000e+06 4.274891816138793714e+06 -1.128914128167677555e+00 4.962606448354333483e-02
-1.128556625052992146e+00 1.405788000000000000e+06 4.274891816138793714e+06 -1.128615656989979676e+00 4.963096542474240008e-02
-1.128556625052992146e+00 1.405788000000000000e+06 4.274891816138793714e+06 -1.128675532020890326e+00 4.972485934416843306e-02
-1.128556625052992146e+00 1.405788000000000000e+06 4.274891816138793714e+06 -1.128496695667217997e+00 4.992421378914328051e-02
-1.128556625052992146e+00 1.405788000000000000e+06 4.274891816138793714e+06 -1.128924473966624653e+00 4.976822659875348998e-02
-1.128556625052992146e+00 1.405788000000000000e+06 4.274891816138793714e+06 -1.128797118205987493e+00 4.988063877239153066e-02
-1.128556625052992146e+00 1.405788000000000000e+06 4.274891816138793714e+06 -1.128465435477183920e+00 4.967594612790461606e-02
-1.128556625052992146e+00 1.405788000000000000e+06 4.274891816138793714e+06 -1.128643321758783014e+00 4.982002885884653787e-02
-1.128556625052992146e+00 1.405788000000000000e+06 4.274891816138793714e+06 -1.127916570356731762e+00 5.023749706850183516e-02
-1.128556625052992146e+00 1.405788000000000000e+06 4.274891816138793714e+06 -1.128866112392903798e+00 4.968279478389277248e-02
-1.128556625052992146e+00 1.405788000000000000e+06 4.274891816138793714e+06 -1.128624174348217046e+00 4.967095251138660406e-02
-1.128556625052992146e+00 1.405788000000000000e+06 4.274891816138793714e+06 -1.128647629093872062e+00 4.987677542239428441e-02
-1.128556625052992146e+00 1.405788000000000000e+06 4.274891816138793714e+06 -1.128479573882137155e+00 4.985865433145721115e-02
-1.128556625052992146e+00 1.405788000000000000e+06 4.274891816138793714e+06 -1.128478925989278681e+00 4.998263440593574136e-02
-1.128556625052992146e+00 1.405788000000000000e+06 4.274891816138793714e+06 -1.128034714771099400e+00 5.006120980635255652e-02
-1.128556625052992146e+00 1.405788000000000000e+06 4.274891816138793714e+06 -1.128227615265350536e+00 5.029006419259085536e-02
-1.128556625052992146e+00 1.405788000000000000e+06 4.274891816138793714e+06 -1.128946510006166859e+00 4.979568782539868510e-02
-1.128556625052992146e+00 1.405788000000000000e+06 4.274891816138793714e+06 -1.128775351054766674e+00 4.958529333675085887e-02
-1.128556625052992146e+00 1.405788000000000000e+06 4.274891816138793714e+06 -1.128492262850868899e+00 4.962095090026037020e-02
