# Energy,SamplesEBS,SamplesHoeffding,E_estim,Var_estim
-9.252596050468844258e-01 1.405788000000000000e+06 1.131422943608134985e+07 -9.251733220098743438e-01 4.050573730435320235e-02
-9.252596050468844258e-01 1.405788000000000000e+06 1.131422943608134985e+07 -9.247622711259786410e-01 4.033704588851507594e-02
-9.252596050468844258e-01 1.405788000000000000e+06 1.131422943608134985e+07 -9.252986316582946236e-01 4.002038567360485799e-02
-9.252596050468844258e-01 1.277988000000000000e+06 1.131422943608134985e+07 -9.256612151300226410e-01 3.930569253073083746e-02
-9.252596050468844258e-01 1.405788000000000000e+06 1.131422943608134985e+07 -9.247654644950923375e-01 4.055787588963886275e-02
-9.252596050468844258e-01 1.405788000000000000e+06 1.131422943608134985e+07 -9.251592232980104802e-01 3.998425852432679894e-02
-9.252596050468844258e-01 1.277988000000000000e+06 1.131422943608134985e+07 -9.254684654328546589e-01 3.986178709528858527e-02
-9.252596050468844258e-01 1.405788000000000000e+06 1.131422943608134985e+07 -9.253205652641790513e-01 4.032150087008247452e-02
-9.252596050468844258e-01 1.277988000000000000e+06 1.131422943608134985e+07 -9.255218363565422823e-01 3.943452397637033091e-02
-9.252596050468844258e-01 1.405788000000000000e+06 1.131422943608134985e+07 -9.252027281507434475e-01 4.092814067549262191e-02
-9.252596050468844258e-01 1.405788000000000000e+06 1.131422943608134985e+07 -9.253222234089538700e-01 4.007832389840068621e-02
-9.252596050468844258e-01 1.277988000000000000e+06 1.131422943608134985e+07 -9.257727767409196229e-01 3.895487468916677964e-02
-9.252596050468844258e-01 1.405788000000000000e+06 1.131422943608134985e+07 -9.253337356711430761e-01 4.006273072493866938e-02
-9.252596050468844258e-01 1.405788000000000000e+06 1.131422943608134985e+07 -9.247192438700900796e-01 4.107501905343963200e-02
-9.252596050468844258e-01 1.277988000000000000e+06 1.131422943608134985e+07 -9.254919741042708647e-01 3.967224426286607153e-02
-9.252596050468844258e-01 1.405788000000000000e+06 1.131422943608134985e+07 -9.255387054105091993e-01 4.073593636601298418e-02
-9.252596050468844258e-01 1.405788000000000000e+06 1.131422943608134985e+07 -9.253842393032249980e-01 4.059411614200018198e-02
-9.252596050468844258e-01 1.405788000000000000e+06 1.131422943608134985e+07 -9.253296626530188584e-01 3.943364054651635198e-02
-9.252596050468844258e-01 1.405788000000000000e+06 1.131422943608134985e+07 -9.253911599769297780e-01 4.000109362357882198e-02
-9.252596050468844258e-01 1.405788000000000000e+06 1.131422943608134985e+07 -9.252823946438651914e-01 4.060529286313269148e-02
-9.252596050468844258e-01 1.405788000000000000e+06 1.131422943608134985e+07 -9.247580931133478899e-01 4.181922541584452702e-02
-9.252596050468844258e-01 1.405788000000000000e+06 1.131422943608134985e+07 -9.251818905849367169e-01 4.013586907270432630e-02
-9.252596050468844258e-01 1.405788000000000000e+06 1.131422943608134985e+07 -9.249339960233274871e-01 4.045304580055320010e-02
-9.252596050468844258e-01 1.405788000000000000e+06 1.131422943608134985e+07 -9.250487562858997759e-01 4.046231973850636376e-02
-9.252596050468844258e-01 1.405788000000000000e+06 1.131422943608134985e+07 -9.250260300995801765e-01 4.044768552164533515e-02
-9.252596050468844258e-01 1.277988000000000000e+06 1.131422943608134985e+07 -9.255301955899450927e-01 3.986306611633685243e-02
-9.252596050468844258e-01 1.277988000000000000e+06 1.131422943608134985e+07 -9.253589756723754611e-01 3.957034668644097974e-02
-9.252596050468844258e-01 1.405788000000000000e+06 1.131422943608134985e+07 -9.251913042376140872e-01 4.069950402229435132e-02
-9.252596050468844258e-01 1.405788000000000000e+06 1.131422943608134985e+07 -9.251103368371443869e-01 4.094401983523113936e-02
-9.252596050468844258e-01 1.405788000000000000e+06 1.131422943608134985e+07 -9.250423349762869618e-01 4.043529437821413025e-02
-9.252596050468844258e-01 1.405788000000000000e+06 1.131422943608134985e+07 -9.254343037510720515e-01 4.017833182714581480e-02
-9.252596050468844258e-01 1.405788000000000000e+06 1.131422943608134985e+07 -9.249294620537594769e-01 4.079198075799632395e-02
-9.252596050468844258e-01 1.405788000000000000e+06 1.131422943608134985e+07 -9.252319204614469772e-01 4.002306896868304542e-02
-9.252596050468844258e-01 1.405788000000000000e+06 1.131422943608134985e+07 -9.250981305869929727e-01 4.062480139421487113e-02
-9.252596050468844258e-01 1.405788000000000000e+06 1.131422943608134985e+07 -9.254778636619503951e-01 3.989569844274754723e-02
-9.252596050468844258e-01 1.277988000000000000e+06 1.131422943608134985e+07 -9.259046723455652828e-01 3.903473370997286723e-02
-9.252596050468844258e-01 1.277988000000000000e+06 1.131422943608134985e+07 -9.256721194577288703e-01 3.946207865881772026e-02
-9.252596050468844258e-01 1.405788000000000000e+06 1.131422943608134985e+07 -9.250942035368383554e-01 4.065624581358152217e-02
-9.252596050468844258e-01 1.277988000000000000e+06 1.131422943608134985e+07 -9.257111479932319531e-01 3.946580001469048027e-02
-9.252596050468844258e-01 1.405788000000000000e+06 1.131422943608134985e+07 -9.249145413118174952e-01 4.065025757943523110e-02
-9.252596050468844258e-01 1.277988000000000000e+06 1.131422943608134985e+07 -9.255579437378261831e-01 3.957187147851200237e-02
-9.252596050468844258e-01 1.405788000000000000e+06 1.131422943608134985e+07 -9.252808197264853485e-01 4.072022281768142293e-02
-9.252596050468844258e-01 1.405788000000000000e+06 1.131422943608134985e+07 -9.249556504975293691e-01 4.095066846067290517e-02
-9.252596050468844258e-01 1.405788000000000000e+06 1.131422943608134985e+07 -9.253775106926667160e-01 3.982644340157030782e-02
-9.252596050468844258e-01 1.405788000000000000e+06 1.131422943608134985e+07 -9.247634196633092163e-01 4.110580478503128576e-02
-9.252596050468844258e-01 1.405788000000000000e+06 1.131422943608134985e+07 -9.250368573366788416e-01 4.083672513422020867e-02
-9.252596050468844258e-01 1.277988000000000000e+06 1.131422943608134985e+07 -9.256136541200571388e-01 3.976673212253632045e-02
-9.252596050468844258e-01 1.277988000000000000e+06 1.131422943608134985e+07 -9.256172527454148424e-01 3.986132516381433316e-02
-9.252596050468844258e-01 1.405788000000000000e+06 1.131422943608134985e+07 -9.249539398555460812e-01 4.002691826617073290e-02
-9.252596050468844258e-01 1.405788000000000000e+06 1.131422943608134985e+07 -9.252797300884765264e-01 3.997342314098069338e-02
-9.252596050468844258e-01 1.405788000000000000e+06 1.131422943608134985e+07 -9.253077956289421646e-01 4.077307249894496916e-02
-9.252596050468844258e-01 1.405788000000000000e+06 1.131422943608134985e+07 -9.250214666803323604e-01 4.093461588045730487e-02
-9.252596050468844258e-01 1.277988000000000000e+06 1.131422943608134985e+07 -9.256133583426596756e-01 3.965599483079043641e-02
-9.252596050468844258e-01 1.405788000000000000e+06 1.131422943608134985e+07 -9.251789558607914632e-01 4.042850928439315622e-02
-9.252596050468844258e-01 1.405788000000000000e+06 1.131422943608134985e+07 -9.250203130213398017e-01 4.048323726964317415e-02
-9.252596050468844258e-01 1.405788000000000000e+06 1.131422943608134985e+07 -9.254842260722424552e-01 4.004909108096620790e-02
-9.252596050468844258e-01 1.405788000000000000e+06 1.131422943608134985e+07 -9.252032275148266427e-01 4.044467615667899502e-02
-9.252596050468844258e-01 1.277988000000000000e+06 1.131422943608134985e+07 -9.259153132905545425e-01 3.882671496704204889e-02
-9.252596050468844258e-01 1.405788000000000000e+06 1.131422943608134985e+07 -9.253522313475773808e-01 4.023876874310907542e-02
-9.252596050468844258e-01 1.405788000000000000e+06 1.131422943608134985e+07 -9.250941305528515013e-01 4.021610201648834204e-02
-9.252596050468844258e-01 1.405788000000000000e+06 1.131422943608134985e+07 -9.250905159253489662e-01 4.071545651705746338e-02
-9.252596050468844258e-01 1.405788000000000000e+06 1.131422943608134985e+07 -9.249441087856885568e-01 4.097901154111151939e-02
-9.252596050468844258e-01 1.405788000000000000e+06 1.131422943608134985e+07 -9.251799238588165331e-01 4.084773518635909095e-02
-9.252596050468844258e-01 1.277988000000000000e+06 1.131422943608134985e+07 -9.255422731681096638e-01 3.945163994031965909e-02
-9.252596050468844258e-01 1.277988000000000000e+06 1.131422943608134985e+07 -9.254463990284580444e-01 3.927259566268746088e-02
-9.252596050468844258e-01 1.405788000000000000e+06 1.131422943608134985e+07 -9.255156475952478479e-01 3.996701810677770472e-02
-9.252596050468844258e-01 1.405788000000000000e+06 1.131422943608134985e+07 -9.257003662014675616e-01 4.015959811269266544e-02
-9.252596050468844258e-01 1.405788000000000000e+06 1.131422943608134985e+07 -9.249853754631547353e-01 4.050231232850985685e-02
-9.252596050468844258e-01 1.405788000000000000e+06 1.131422943608134985e+07 -9.249307475961303648e-01 4.136937760407742581e-02
-9.252596050468844258e-01 1.405788000000000000e+06 1.131422943608134985e+07 -9.250171234934675413e-01 4.147702871093624649e-02
-9.252596050468844258e-01 1.405788000000000000e+06 1.131422943608134985e+07 -9.249511907923888554e-01 4.050940265876961516e-02
-9.252596050468844258e-01 1.405788000000000000e+06 1.131422943608134985e+07 -9.248179924722738088e-01 4.133446947308840741e-02
-9.252596050468844258e-01 1.405788000000000000e+06 1.131422943608134985e+07 -9.249084913241906181e-01 4.111323105183147669e-02
-9.252596050468844258e-01 1.405788000000000000e+06 1.131422943608134985e+07 -9.252800668391218952e-01 4.047713654173138581e-02
-9.252596050468844258e-01 1.405788000000000000e+06 1.131422943608134985e+07 -9.254534985372095957e-01 4.059610902513621777e-02
-9.252596050468844258e-01 1.405788000000000000e+06 1.131422943608134985e+07 -9.255081891448663223e-01 4.030160159211108178e-02
-9.252596050468844258e-01 1.277988000000000000e+06 1.131422943608134985e+07 -9.251153085956997923e-01 3.979585009337249790e-02
-9.252596050468844258e-01 1.405788000000000000e+06 1.131422943608134985e+07 -9.249355312476942315e-01 4.069904863699429914e-02
-9.252596050468844258e-01 1.405788000000000000e+06 1.131422943608134985e+07 -9.251475394594607105e-01 4.030986448155182006e-02
-9.252596050468844258e-01 1.405788000000000000e+06 1.131422943608134985e+07 -9.251184559845779809e-01 4.012440527480069796e-02
-9.252596050468844258e-01 1.405788000000000000e+06 1.131422943608134985e+07 -9.252593163418685318e-01 4.062464009261380210e-02
-9.252596050468844258e-01 1.405788000000000000e+06 1.131422943608134985e+07 -9.251958676568790008e-01 4.016435779613046486e-02
-9.252596050468844258e-01 1.405788000000000000e+06 1.131422943608134985e+07 -9.252483764277459333e-01 4.055584412798797500e-02
-9.252596050468844258e-01 1.405788000000000000e+06 1.131422943608134985e+07 -9.252631998577646177e-01 4.015380817354748805e-02
-9.252596050468844258e-01 1.277988000000000000e+06 1.131422943608134985e+07 -9.258783608309146818e-01 3.917209129629728448e-02
-9.252596050468844258e-01 1.405788000000000000e+06 1.131422943608134985e+07 -9.250883353689532962e-01 4.018897009400731329e-02
-9.252596050468844258e-01 1.277988000000000000e+06 1.131422943608134985e+07 -9.256248598590761656e-01 3.956514791650043300e-02
-9.252596050468844258e-01 1.405788000000000000e+06 1.131422943608134985e+07 -9.258053606956563319e-01 3.980050545962734998e-02
-9.252596050468844258e-01 1.405788000000000000e+06 1.131422943608134985e+07 -9.251535740820258091e-01 4.059407684376462738e-02
-9.252596050468844258e-01 1.405788000000000000e+06 1.131422943608134985e+07 -9.250854300944920672e-01 4.056228142870801912e-02
-9.252596050468844258e-01 1.277988000000000000e+06 1.131422943608134985e+07 -9.258929018124978372e-01 3.909567195186963717e-02
-9.252596050468844258e-01 1.405788000000000000e+06 1.131422943608134985e+07 -9.248928023297872114e-01 4.141181786345043275e-02
-9.252596050468844258e-01 1.405788000000000000e+06 1.131422943608134985e+07 -9.250412632641781263e-01 4.126221432260441385e-02
-9.252596050468844258e-01 1.405788000000000000e+06 1.131422943608134985e+07 -9.251587380185454235e-01 4.106932689557322297e-02
-9.252596050468844258e-01 1.405788000000000000e+06 1.131422943608134985e+07 -9.247805363266997647e-01 4.119455613918054232e-02
-9.252596050468844258e-01 1.405788000000000000e+06 1.131422943608134985e+07 -9.250175447518912408e-01 4.092573803143032679e-02
-9.252596050468844258e-01 1.405788000000000000e+06 1.131422943608134985e+07 -9.250497831832517059e-01 4.055287753366478010e-02
-9.252596050468844258e-01 1.405788000000000000e+06 1.131422943608134985e+07 -9.249071174328260536e-01 4.084773698281485288e-02
-9.252596050468844258e-01 1.277988000000000000e+06 1.131422943608134985e+07 -9.253352627736867175e-01 3.944487833352475908e-02
-9.252596050468844258e-01 1.405788000000000000e+06 1.131422943608134985e+07 -9.249236425418770891e-01 4.062840552781957909e-02
