# Energy,SamplesEBS,SamplesHoeffding,E_estim,Var_estim
-9.708068577346937733e-01 5.282850000000000000e+05 1.584846310577458236e+06 -9.710824662805448426e-01 2.835884672699126585e-02
-9.708068577346937733e-01 5.282850000000000000e+05 1.584846310577458236e+06 -9.702664794552486871e-01 2.857496478775539001e-02
-9.708068577346937733e-01 5.282850000000000000e+05 1.584846310577458236e+06 -9.696565916106235639e-01 2.869388892810810845e-02
-9.708068577346937733e-01 5.282850000000000000e+05 1.584846310577458236e+06 -9.709027178492903865e-01 2.828706397230605976e-02
-9.708068577346937733e-01 5.282850000000000000e+05 1.584846310577458236e+06 -9.709727175653528608e-01 2.838987544264383323e-02
-9.708068577346937733e-01 5.282850000000000000e+05 1.584846310577458236e+06 -9.713748493692057062e-01 2.825492380228915648e-02
-9.708068577346937733e-01 5.282850000000000000e+05 1.584846310577458236e+06 -9.708137828994092278e-01 2.829431090064072479e-02
-9.708068577346937733e-01 5.282850000000000000e+05 1.584846310577458236e+06 -9.714299173722981129e-01 2.826994361225411076e-02
-9.708068577346937733e-01 5.282850000000000000e+05 1.584846310577458236e+06 -9.708421448631425754e-01 2.846687374477249038e-02
-9.708068577346937733e-01 5.282850000000000000e+05 1.584846310577458236e+06 -9.708951003701015159e-01 2.838177772651316946e-02
-9.708068577346937733e-01 5.282850000000000000e+05 1.584846310577458236e+06 -9.707215520013271481e-01 2.849252845892461666e-02
-9.708068577346937733e-01 5.282850000000000000e+05 1.584846310577458236e+06 -9.703841568452976629e-01 2.842812262058489955e-02
-9.708068577346937733e-01 5.282850000000000000e+05 1.584846310577458236e+06 -9.703802657637761175e-01 2.846838927829160523e-02
-9.708068577346937733e-01 5.282850000000000000e+05 1.584846310577458236e+06 -9.713835469472344997e-01 2.824165073699579781e-02
-9.708068577346937733e-01 5.282850000000000000e+05 1.584846310577458236e+06 -9.708522780298791677e-01 2.832421009871851497e-02
-9.708068577346937733e-01 5.282850000000000000e+05 1.584846310577458236e+06 -9.708190096236248845e-01 2.839961647231183800e-02
-9.708068577346937733e-01 5.282850000000000000e+05 1.584846310577458236e+06 -9.709341202173107366e-01 2.840008911395066130e-02
-9.708068577346937733e-01 5.282850000000000000e+05 1.584846310577458236e+06 -9.708517851141206245e-01 2.824978957554689224e-02
-9.708068577346937733e-01 5.282850000000000000e+05 1.584846310577458236e+06 -9.706392645996230195e-01 2.837201364193380274e-02
-9.708068577346937733e-01 5.282850000000000000e+05 1.584846310577458236e+06 -9.706052897565252691e-01 2.841112135440492653e-02
-9.708068577346937733e-01 5.282850000000000000e+05 1.584846310577458236e+06 -9.706526925788452331e-01 2.843333006019901216e-02
-9.708068577346937733e-01 5.282850000000000000e+05 1.584846310577458236e+06 -9.706041608204265536e-01 2.842203996673050084e-02
-9.708068577346937733e-01 5.282850000000000000e+05 1.584846310577458236e+06 -9.711294772689410548e-01 2.832963933552166275e-02
-9.708068577346937733e-01 5.282850000000000000e+05 1.584846310577458236e+06 -9.709757636484297461e-01 2.845409494924147978e-02
-9.708068577346937733e-01 5.282850000000000000e+05 1.584846310577458236e+06 -9.707976631912961230e-01 2.843387340709150474e-02
-9.708068577346937733e-01 5.282850000000000000e+05 1.584846310577458236e+06 -9.702710985529133803e-01 2.845131463871010749e-02
-9.708068577346937733e-01 5.282850000000000000e+05 1.584846310577458236e+06 -9.706642999498653612e-01 2.842532030033951759e-02
-9.708068577346937733e-01 5.282850000000000000e+05 1.584846310577458236e+06 -9.710681728593740791e-01 2.836311642771249461e-02
-9.708068577346937733e-01 5.282850000000000000e+05 1.584846310577458236e+06 -9.703301235110148859e-01 2.854029204905780479e-02
-9.708068577346937733e-01 5.282850000000000000e+05 1.584846310577458236e+06 -9.710132036665917177e-01 2.838670084528778503e-02
-9.708068577346937733e-01 5.282850000000000000e+05 1.584846310577458236e+06 -9.710575978856467172e-01 2.830791157831474142e-02
-9.708068577346937733e-01 5.282850000000000000e+05 1.584846310577458236e+06 -9.708428683362333445e-01 2.838830319114299741e-02
-9.708068577346937733e-01 5.282850000000000000e+05 1.584846310577458236e+06 -9.707412845320543271e-01 2.844695778130674688e-02
-9.708068577346937733e-01 5.282850000000000000e+05 1.584846310577458236e+06 -9.704147505589103551e-01 2.843568980746328731e-02
-9.708068577346937733e-01 5.282850000000000000e+05 1.584846310577458236e+06 -9.712043039250040088e-01 2.829046127368338437e-02
-9.708068577346937733e-01 5.282850000000000000e+05 1.584846310577458236e+06 -9.702348522085961768e-01 2.846620757011336655e-02
-9.708068577346937733e-01 5.282850000000000000e+05 1.584846310577458236e+06 -9.710585076218709588e-01 2.822201865726114631e-02
-9.708068577346937733e-01 5.282850000000000000e+05 1.584846310577458236e+06 -9.707915744324030483e-01 2.841595101416799496e-02
-9.708068577346937733e-01 5.282850000000000000e+05 1.584846310577458236e+06 -9.707265629329270284e-01 2.833094605057133106e-02
-9.708068577346937733e-01 5.282850000000000000e+05 1.584846310577458236e+06 -9.707021000009831146e-01 2.847531830035801570e-02
-9.708068577346937733e-01 5.282850000000000000e+05 1.584846310577458236e+06 -9.708085073379206786e-01 2.840773353711705321e-02
-9.708068577346937733e-01 5.282850000000000000e+05 1.584846310577458236e+06 -9.709046349962883182e-01 2.839708205172770256e-02
-9.708068577346937733e-01 5.282850000000000000e+05 1.584846310577458236e+06 -9.709760725726136465e-01 2.833188844442030910e-02
-9.708068577346937733e-01 5.282850000000000000e+05 1.584846310577458236e+06 -9.710311610191801890e-01 2.831240108192278893e-02
-9.708068577346937733e-01 5.282850000000000000e+05 1.584846310577458236e+06 -9.703196075963231859e-01 2.846566178733499208e-02
-9.708068577346937733e-01 5.282850000000000000e+05 1.584846310577458236e+06 -9.708241965965668241e-01 2.839268443905413816e-02
-9.708068577346937733e-01 5.282850000000000000e+05 1.584846310577458236e+06 -9.709054459222159483e-01 2.841752048165995317e-02
-9.708068577346937733e-01 5.282850000000000000e+05 1.584846310577458236e+06 -9.707709003644127144e-01 2.840682868464988742e-02
-9.708068577346937733e-01 5.282850000000000000e+05 1.584846310577458236e+06 -9.703258610390399497e-01 2.857135794149096367e-02
-9.708068577346937733e-01 5.282850000000000000e+05 1.584846310577458236e+06 -9.709681745630175387e-01 2.833768065664177271e-02
-9.708068577346937733e-01 5.282850000000000000e+05 1.584846310577458236e+06 -9.704750373359489757e-01 2.847785663468947390e-02
-9.708068577346937733e-01 5.282850000000000000e+05 1.584846310577458236e+06 -9.708161361746320273e-01 2.845984774210971041e-02
-9.708068577346937733e-01 5.282850000000000000e+05 1.584846310577458236e+06 -9.703208728224531621e-01 2.848945300487078919e-02
-9.708068577346937733e-01 5.282850000000000000e+05 1.584846310577458236e+06 -9.708774951002075992e-01 2.846922663880147031e-02
-9.708068577346937733e-01 5.282850000000000000e+05 1.584846310577458236e+06 -9.707567034820656637e-01 2.835238142244695878e-02
-9.708068577346937733e-01 5.282850000000000000e+05 1.584846310577458236e+06 -9.701868940042089884e-01 2.849055213682910245e-02
-9.708068577346937733e-01 5.282850000000000000e+05 1.584846310577458236e+06 -9.709855049812402550e-01 2.840992761020495749e-02
-9.708068577346937733e-01 5.282850000000000000e+05 1.584846310577458236e+06 -9.713494732937948406e-01 2.824702319777328344e-02
-9.708068577346937733e-01 5.282850000000000000e+05 1.584846310577458236e+06 -9.703784905856137621e-01 2.854867588696219025e-02
-9.708068577346937733e-01 5.282850000000000000e+05 1.584846310577458236e+06 -9.701620312880800956e-01 2.844771019005505261e-02
-9.708068577346937733e-01 5.282850000000000000e+05 1.584846310577458236e+06 -9.710378789839031466e-01 2.836744096565329068e-02
-9.708068577346937733e-01 5.282850000000000000e+05 1.584846310577458236e+06 -9.706138317366770352e-01 2.837832945801662884e-02
-9.708068577346937733e-01 5.282850000000000000e+05 1.584846310577458236e+06 -9.713000113556299331e-01 2.825053123309110084e-02
-9.708068577346937733e-01 5.282850000000000000e+05 1.584846310577458236e+06 -9.707673238858297582e-01 2.826038878217574865e-02
-9.708068577346937733e-01 5.282850000000000000e+05 1.584846310577458236e+06 -9.708956796029039049e-01 2.831260921185884197e-02
-9.708068577346937733e-01 5.282850000000000000e+05 1.584846310577458236e+06 -9.714045219891089822e-01 2.828648578911863512e-02
-9.708068577346937733e-01 5.282850000000000000e+05 1.584846310577458236e+06 -9.707691990100240087e-01 2.841489064867972272e-02
-9.708068577346937733e-01 5.282850000000000000e+05 1.584846310577458236e+06 -9.716586904776933764e-01 2.825794052300514836e-02
-9.708068577346937733e-01 5.282850000000000000e+05 1.584846310577458236e+06 -9.707094880585569463e-01 2.838744886110435364e-02
-9.708068577346937733e-01 5.282850000000000000e+05 1.584846310577458236e+06 -9.715758556442219973e-01 2.825196138775586119e-02
-9.708068577346937733e-01 5.282850000000000000e+05 1.584846310577458236e+06 -9.702602260125253730e-01 2.852267738947964967e-02
-9.708068577346937733e-01 5.282850000000000000e+05 1.584846310577458236e+06 -9.711204048932261523e-01 2.846797003487415434e-02
-9.708068577346937733e-01 5.282850000000000000e+05 1.584846310577458236e+06 -9.705183082976194253e-01 2.866153963186753376e-02
-9.708068577346937733e-01 5.282850000000000000e+05 1.584846310577458236e+06 -9.703344280057539795e-01 2.852651169873394316e-02
-9.708068577346937733e-01 5.282850000000000000e+05 1.584846310577458236e+06 -9.703891280256329299e-01 2.853261910874661453e-02
-9.708068577346937733e-01 5.282850000000000000e+05 1.584846310577458236e+06 -9.702059064690818913e-01 2.851120512684496636e-02
-9.708068577346937733e-01 5.282850000000000000e+05 1.584846310577458236e+06 -9.711022692278186152e-01 2.828300683528817139e-02
-9.708068577346937733e-01 5.282850000000000000e+05 1.584846310577458236e+06 -9.697506999044551712e-01 2.861862740349564727e-02
-9.708068577346937733e-01 5.282850000000000000e+05 1.584846310577458236e+06 -9.706396075963089620e-01 2.845928737594077829e-02
-9.708068577346937733e-01 5.282850000000000000e+05 1.584846310577458236e+06 -9.705985399907428590e-01 2.850129698192258726e-02
-9.708068577346937733e-01 5.282850000000000000e+05 1.584846310577458236e+06 -9.708030205268387558e-01 2.836515011018758692e-02
-9.708068577346937733e-01 5.282850000000000000e+05 1.584846310577458236e+06 -9.712467298882458966e-01 2.822066058863090948e-02
-9.708068577346937733e-01 5.282850000000000000e+05 1.584846310577458236e+06 -9.702483460613541277e-01 2.859460071504879922e-02
-9.708068577346937733e-01 5.282850000000000000e+05 1.584846310577458236e+06 -9.712505755397468077e-01 2.827850641838482865e-02
-9.708068577346937733e-01 5.282850000000000000e+05 1.584846310577458236e+06 -9.704448093340135584e-01 2.845430044642648787e-02
-9.708068577346937733e-01 5.282850000000000000e+05 1.584846310577458236e+06 -9.709588102994107794e-01 2.832532936970456536e-02
-9.708068577346937733e-01 5.282850000000000000e+05 1.584846310577458236e+06 -9.708897180480632327e-01 2.826250993391834707e-02
-9.708068577346937733e-01 5.282850000000000000e+05 1.584846310577458236e+06 -9.701940946629603602e-01 2.843654184883676744e-02
-9.708068577346937733e-01 5.282850000000000000e+05 1.584846310577458236e+06 -9.709216564903757618e-01 2.836996998132152240e-02
-9.708068577346937733e-01 5.282850000000000000e+05 1.584846310577458236e+06 -9.702789602184780371e-01 2.831132349090600617e-02
-9.708068577346937733e-01 5.282850000000000000e+05 1.584846310577458236e+06 -9.715829313704069659e-01 2.813884564815860925e-02
-9.708068577346937733e-01 5.282850000000000000e+05 1.584846310577458236e+06 -9.701615803951002537e-01 2.859064553603267791e-02
-9.708068577346937733e-01 5.282850000000000000e+05 1.584846310577458236e+06 -9.712206507832160662e-01 2.826333655986843288e-02
-9.708068577346937733e-01 5.282850000000000000e+05 1.584846310577458236e+06 -9.703875743188107306e-01 2.846538171568199077e-02
-9.708068577346937733e-01 5.282850000000000000e+05 1.584846310577458236e+06 -9.707013628988538922e-01 2.840983326128587380e-02
-9.708068577346937733e-01 5.282850000000000000e+05 1.584846310577458236e+06 -9.706148550479770654e-01 2.848864968397912811e-02
-9.708068577346937733e-01 5.282850000000000000e+05 1.584846310577458236e+06 -9.705909259187964766e-01 2.842776919673965091e-02
-9.708068577346937733e-01 5.282850000000000000e+05 1.584846310577458236e+06 -9.714176467229291845e-01 2.812183469347507778e-02
-9.708068577346937733e-01 5.282850000000000000e+05 1.584846310577458236e+06 -9.708874238318639938e-01 2.833271509732775487e-02
-9.708068577346937733e-01 5.282850000000000000e+05 1.584846310577458236e+06 -9.707759169747782746e-01 2.838810447384003746e-02
